% number of locations
50
% for each location: node, x, y
0, 0, 0
1, 265, 173
2, 861, 223
3, 539, 889
4, 51, 981
5, 823, 331
6, 718, 866
7, 404, 895
8, 388, 149
9, 313, 178
10, 245, 163
11, 269, 306
12, 141, 165
13, 280, 90
14, 904, 203
15, 918, 283
16, 910, 205
17, 819, 288
18, 803, 255
19, 816, 253
20, 618, 987
21, 531, 956
22, 641, 988
23, 543, 910
24, 571, 925
25, 464, 887
26, 60, 896
27, 129, 963
28, 0, 1000
29, 103, 1000
30, 31, 960
31, 23, 997
32, 781, 345
33, 833, 347
34, 810, 293
35, 807, 327
36, 820, 380
37, 813, 388
38, 825, 840
39, 744, 926
40, 816, 842
41, 790, 931
42, 718, 942
43, 694, 926
44, 418, 963
45, 343, 897
46, 433, 920
47, 371, 891
48, 422, 930
49, 336, 953
% number of vessels
10
% number of vessel types
3
% for each vesseltype: vessel_id, battery range, operational cost, speed, passenger capacity, fixed cost
1, 1500, 3, 20, 12, 15000 
2, 2000, 6, 22, 17, 17500 
3, 2750, 11, 25, 25, 22500 
% number of charging stations
7
% for each charging station: node, x, y
1, 265, 173
2, 861, 223
3, 539, 889
4, 51, 981
5, 823, 331
6, 718, 866
7, 404, 895
% number of jobs
42
% for each job: node, crew needed
8, 5
9, 2
10, 5
11, 2
12, 6
13, 4
14, 4
15, 1
16, 5
17, 5
18, 4
19, 5
20, 5
21, 5
22, 7
23, 5
24, 1
25, 6
26, 5
27, 6
28, 5
29, 5
30, 3
31, 2
32, 4
33, 3
34, 4
35, 5
36, 4
37, 6
38, 6
39, 5
40, 4
41, 2
42, 3
43, 4
44, 5
45, 1
46, 5
47, 3
48, 4
49, 7
% number of nodes
84
% for each node: node, binary
8, 0
8, 1
9, 0
9, 1
10, 0
10, 1
11, 0
11, 1
12, 0
12, 1
13, 0
13, 1
14, 0
14, 1
15, 0
15, 1
16, 0
16, 1
17, 0
17, 1
18, 0
18, 1
19, 0
19, 1
20, 0
20, 1
21, 0
21, 1
22, 0
22, 1
23, 0
23, 1
24, 0
24, 1
25, 0
25, 1
26, 0
26, 1
27, 0
27, 1
28, 0
28, 1
29, 0
29, 1
30, 0
30, 1
31, 0
31, 1
32, 0
32, 1
33, 0
33, 1
34, 0
34, 1
35, 0
35, 1
36, 0
36, 1
37, 0
37, 1
38, 0
38, 1
39, 0
39, 1
40, 0
40, 1
41, 0
41, 1
42, 0
42, 1
43, 0
43, 1
44, 0
44, 1
45, 0
45, 1
46, 0
46, 1
47, 0
47, 1
48, 0
48, 1
49, 0
49, 1
% costs
% fixed penalty
5000
% penalty per crew
1000
% preprocessing
% PreferredCS 
(0, 0), (0, 0), (0, 0), (0, 0), (0, 0), (0, 0), (0, 0), (0, 0), (0, 0), (0, 0), (0, 0), (0, 0), (0, 0), (0, 0), (0, 0), (0, 0), (0, 0), (0, 0), (0, 0), (0, 0), (0, 0), (0, 0), (0, 0), (0, 0), (0, 0), (0, 0), (0, 0), (0, 0), (0, 0), (0, 0), (0, 0), (0, 0), (0, 0), (0, 0), (0, 0), (0, 0), (0, 0), (0, 0), (0, 0), (0, 0), (0, 0), (0, 0), (0, 0), (0, 0), (0, 0), (0, 0), (0, 0), (0, 0), (0, 0), (0, 0)
(1, 0), (1, 0), (1, 0), (1, 0), (1, 0), (1, 0), (1, 0), (1, 0), (1, 0), (1, 0), (1, 0), (1, 0), (1, 0), (1, 0), (1, 0), (1, 0), (1, 0), (1, 0), (1, 0), (1, 0), (1, 0), (1, 0), (1, 0), (1, 0), (1, 0), (1, 0), (1, 0), (1, 0), (1, 0), (1, 0), (1, 0), (1, 0), (1, 0), (1, 0), (1, 0), (1, 0), (1, 0), (1, 0), (1, 0), (1, 0), (1, 0), (1, 0), (1, 0), (1, 0), (1, 0), (1, 0), (1, 0), (1, 0), (1, 0), (1, 0)
(2, 0), (2, 0), (2, 0), (2, 0), (2, 0), (2, 0), (2, 0), (2, 0), (2, 0), (2, 0), (2, 0), (2, 0), (2, 0), (2, 0), (2, 0), (2, 0), (2, 0), (2, 0), (2, 0), (2, 0), (2, 0), (2, 0), (2, 0), (2, 0), (2, 0), (2, 0), (2, 0), (2, 0), (2, 0), (2, 0), (2, 0), (2, 0), (2, 0), (2, 0), (2, 0), (2, 0), (2, 0), (2, 0), (2, 0), (2, 0), (2, 0), (2, 0), (2, 0), (2, 0), (2, 0), (2, 0), (2, 0), (2, 0), (2, 0), (2, 0)
(3, 0), (3, 0), (3, 0), (3, 0), (3, 0), (3, 0), (3, 0), (3, 0), (3, 0), (3, 0), (3, 0), (3, 0), (3, 0), (3, 0), (3, 0), (3, 0), (3, 0), (3, 0), (3, 0), (3, 0), (3, 0), (3, 0), (3, 0), (3, 0), (3, 0), (3, 0), (3, 0), (3, 0), (3, 0), (3, 0), (3, 0), (3, 0), (3, 0), (3, 0), (3, 0), (3, 0), (3, 0), (3, 0), (3, 0), (3, 0), (3, 0), (3, 0), (3, 0), (3, 0), (3, 0), (3, 0), (3, 0), (3, 0), (3, 0), (3, 0)
(4, 0), (4, 0), (4, 0), (4, 0), (4, 0), (4, 0), (4, 0), (4, 0), (4, 0), (4, 0), (4, 0), (4, 0), (4, 0), (4, 0), (4, 0), (4, 0), (4, 0), (4, 0), (4, 0), (4, 0), (4, 0), (4, 0), (4, 0), (4, 0), (4, 0), (4, 0), (4, 0), (4, 0), (4, 0), (4, 0), (4, 0), (4, 0), (4, 0), (4, 0), (4, 0), (4, 0), (4, 0), (4, 0), (4, 0), (4, 0), (4, 0), (4, 0), (4, 0), (4, 0), (4, 0), (4, 0), (4, 0), (4, 0), (4, 0), (4, 0)
(5, 0), (5, 0), (5, 0), (5, 0), (5, 0), (5, 0), (5, 0), (5, 0), (5, 0), (5, 0), (5, 0), (5, 0), (5, 0), (5, 0), (5, 0), (5, 0), (5, 0), (5, 0), (5, 0), (5, 0), (5, 0), (5, 0), (5, 0), (5, 0), (5, 0), (5, 0), (5, 0), (5, 0), (5, 0), (5, 0), (5, 0), (5, 0), (5, 0), (5, 0), (5, 0), (5, 0), (5, 0), (5, 0), (5, 0), (5, 0), (5, 0), (5, 0), (5, 0), (5, 0), (5, 0), (5, 0), (5, 0), (5, 0), (5, 0), (5, 0)
(6, 0), (6, 0), (6, 0), (6, 0), (6, 0), (6, 0), (6, 0), (6, 0), (6, 0), (6, 0), (6, 0), (6, 0), (6, 0), (6, 0), (6, 0), (6, 0), (6, 0), (6, 0), (6, 0), (6, 0), (6, 0), (6, 0), (6, 0), (6, 0), (6, 0), (6, 0), (6, 0), (6, 0), (6, 0), (6, 0), (6, 0), (6, 0), (6, 0), (6, 0), (6, 0), (6, 0), (6, 0), (6, 0), (6, 0), (6, 0), (6, 0), (6, 0), (6, 0), (6, 0), (6, 0), (6, 0), (6, 0), (6, 0), (6, 0), (6, 0)
(7, 0), (7, 0), (7, 0), (7, 0), (7, 0), (7, 0), (7, 0), (7, 0), (7, 0), (7, 0), (7, 0), (7, 0), (7, 0), (7, 0), (7, 0), (7, 0), (7, 0), (7, 0), (7, 0), (7, 0), (7, 0), (7, 0), (7, 0), (7, 0), (7, 0), (7, 0), (7, 0), (7, 0), (7, 0), (7, 0), (7, 0), (7, 0), (7, 0), (7, 0), (7, 0), (7, 0), (7, 0), (7, 0), (7, 0), (7, 0), (7, 0), (7, 0), (7, 0), (7, 0), (7, 0), (7, 0), (7, 0), (7, 0), (7, 0), (7, 0)
(1, 125.32), (1, 125.32), (2, 478.75), (3, 755.25), (4, 897.66), (5, 471.54), (6, 789.3), (7, 746.17), (1, 125.32), (1, 125.32), (1, 125.32), (1, 125.32), (1, 125.32), (1, 125.32), (2, 478.75), (2, 478.75), (2, 478.75), (5, 471.54), (2, 478.75), (2, 478.75), (3, 755.25), (3, 755.25), (3, 755.25), (3, 755.25), (3, 755.25), (7, 746.17), (1, 125.32), (1, 125.32), (4, 897.66), (4, 897.66), (4, 897.66), (4, 897.66), (5, 471.54), (5, 471.54), (5, 471.54), (5, 471.54), (5, 471.54), (5, 471.54), (6, 789.3), (6, 789.3), (6, 789.3), (6, 789.3), (6, 789.3), (6, 789.3), (7, 746.17), (7, 746.17), (7, 746.17), (7, 746.17), (7, 746.17), (7, 746.17)
(1, 48.26), (1, 48.26), (2, 549.84), (3, 746.05), (4, 844.66), (5, 532.46), (6, 798.35), (7, 722.75), (1, 48.26), (1, 48.26), (1, 48.26), (1, 48.26), (1, 48.26), (1, 48.26), (2, 549.84), (2, 549.84), (2, 549.84), (5, 532.46), (1, 48.26), (2, 549.84), (3, 746.05), (3, 746.05), (3, 746.05), (3, 746.05), (3, 746.05), (7, 722.75), (1, 48.26), (1, 48.26), (4, 844.66), (1, 48.26), (1, 48.26), (4, 844.66), (5, 532.46), (5, 532.46), (5, 532.46), (5, 532.46), (5, 532.46), (5, 532.46), (6, 798.35), (6, 798.35), (6, 798.35), (6, 798.35), (6, 798.35), (6, 798.35), (7, 722.75), (1, 48.26), (7, 722.75), (7, 722.75), (7, 722.75), (7, 722.75)
(1, 22.36), (1, 22.36), (2, 618.92), (3, 783.27), (4, 840.69), (5, 601.92), (6, 847.31), (7, 749.07), (1, 22.36), (1, 22.36), (1, 22.36), (1, 22.36), (1, 22.36), (1, 22.36), (1, 22.36), (1, 22.36), (1, 22.36), (1, 22.36), (1, 22.36), (1, 22.36), (3, 783.27), (1, 22.36), (1, 22.36), (3, 783.27), (3, 783.27), (1, 22.36), (1, 22.36), (1, 22.36), (1, 22.36), (1, 22.36), (1, 22.36), (4, 840.69), (1, 22.36), (1, 22.36), (1, 22.36), (1, 22.36), (1, 22.36), (1, 22.36), (1, 22.36), (6, 847.31), (1, 22.36), (6, 847.31), (1, 22.36), (1, 22.36), (7, 749.07), (1, 22.36), (7, 749.07), (1, 22.36), (7, 749.07), (1, 22.36)
(1, 133.06), (1, 133.06), (2, 597.79), (3, 642.49), (4, 709.33), (5, 554.56), (6, 717.78), (7, 604.27), (1, 133.06), (1, 133.06), (1, 133.06), (1, 133.06), (1, 133.06), (1, 133.06), (2, 597.79), (5, 554.56), (2, 597.79), (5, 554.56), (5, 554.56), (5, 554.56), (3, 642.49), (3, 642.49), (3, 642.49), (3, 642.49), (3, 642.49), (7, 604.27), (4, 709.33), (4, 709.33), (4, 709.33), (4, 709.33), (4, 709.33), (4, 709.33), (5, 554.56), (5, 554.56), (5, 554.56), (5, 554.56), (5, 554.56), (5, 554.56), (6, 717.78), (6, 717.78), (6, 717.78), (6, 717.78), (6, 717.78), (6, 717.78), (7, 604.27), (7, 604.27), (7, 604.27), (7, 604.27), (7, 604.27), (7, 604.27)
(1, 124.26), (1, 124.26), (2, 722.33), (3, 826.18), (4, 820.95), (5, 701.91), (6, 907.93), (7, 775.93), (1, 124.26), (1, 124.26), (1, 124.26), (1, 124.26), (1, 124.26), (1, 124.26), (1, 124.26), (1, 124.26), (1, 124.26), (1, 124.26), (1, 124.26), (1, 124.26), (3, 826.18), (3, 826.18), (3, 826.18), (3, 826.18), (3, 826.18), (7, 775.93), (1, 124.26), (4, 820.95), (4, 820.95), (4, 820.95), (4, 820.95), (4, 820.95), (1, 124.26), (1, 124.26), (1, 124.26), (1, 124.26), (1, 124.26), (1, 124.26), (1, 124.26), (6, 907.93), (1, 124.26), (6, 907.93), (6, 907.93), (6, 907.93), (7, 775.93), (7, 775.93), (7, 775.93), (7, 775.93), (7, 775.93), (7, 775.93)
(1, 84.34), (1, 84.34), (2, 596.03), (3, 839.93), (4, 919.96), (5, 594.08), (6, 891.08), (7, 814.49), (1, 84.34), (1, 84.34), (1, 84.34), (1, 84.34), (1, 84.34), (1, 84.34), (2, 596.03), (2, 596.03), (2, 596.03), (5, 594.08), (1, 84.34), (1, 84.34), (3, 839.93), (3, 839.93), (1, 84.34), (3, 839.93), (3, 839.93), (1, 84.34), (1, 84.34), (1, 84.34), (1, 84.34), (1, 84.34), (1, 84.34), (1, 84.34), (1, 84.34), (5, 594.08), (5, 594.08), (5, 594.08), (5, 594.08), (5, 594.08), (1, 84.34), (6, 891.08), (1, 84.34), (6, 891.08), (6, 891.08), (1, 84.34), (7, 814.49), (1, 84.34), (1, 84.34), (1, 84.34), (7, 814.49), (1, 84.34)
(2, 47.42), (1, 639.7), (2, 47.42), (3, 777.06), (4, 1154.51), (5, 151.48), (6, 688.6), (7, 853.74), (2, 47.42), (2, 47.42), (1, 639.7), (2, 47.42), (1, 639.7), (2, 47.42), (2, 47.42), (2, 47.42), (2, 47.42), (2, 47.42), (2, 47.42), (2, 47.42), (5, 151.48), (5, 151.48), (6, 688.6), (5, 151.48), (5, 151.48), (5, 151.48), (2, 47.42), (2, 47.42), (2, 47.42), (2, 47.42), (2, 47.42), (4, 1154.51), (2, 47.42), (5, 151.48), (2, 47.42), (2, 47.42), (5, 151.48), (5, 151.48), (5, 151.48), (5, 151.48), (5, 151.48), (5, 151.48), (6, 688.6), (6, 688.6), (5, 151.48), (5, 151.48), (5, 151.48), (5, 151.48), (5, 151.48), (5, 151.48)
(2, 82.76), (1, 662.2), (2, 82.76), (3, 714.76), (4, 1113.06), (5, 106.44), (6, 616.35), (7, 799.21), (2, 82.76), (2, 82.76), (1, 662.2), (5, 106.44), (1, 662.2), (2, 82.76), (2, 82.76), (2, 82.76), (2, 82.76), (5, 106.44), (2, 82.76), (2, 82.76), (6, 616.35), (3, 714.76), (6, 616.35), (3, 714.76), (5, 106.44), (5, 106.44), (5, 106.44), (5, 106.44), (5, 106.44), (5, 106.44), (5, 106.44), (4, 1113.06), (5, 106.44), (5, 106.44), (5, 106.44), (5, 106.44), (5, 106.44), (5, 106.44), (5, 106.44), (6, 616.35), (5, 106.44), (5, 106.44), (6, 616.35), (6, 616.35), (3, 714.76), (5, 106.44), (5, 106.44), (5, 106.44), (5, 106.44), (7, 799.21)
(2, 52.2), (1, 645.79), (2, 52.2), (3, 778.14), (4, 1157.61), (5, 153.12), (6, 688.32), (7, 855.65), (2, 52.2), (2, 52.2), (1, 645.79), (2, 52.2), (1, 645.79), (2, 52.2), (2, 52.2), (2, 52.2), (2, 52.2), (2, 52.2), (2, 52.2), (2, 52.2), (5, 153.12), (5, 153.12), (6, 688.32), (5, 153.12), (5, 153.12), (5, 153.12), (2, 52.2), (5, 153.12), (2, 52.2), (5, 153.12), (2, 52.2), (4, 1157.61), (5, 153.12), (5, 153.12), (2, 52.2), (2, 52.2), (5, 153.12), (5, 153.12), (5, 153.12), (5, 153.12), (5, 153.12), (5, 153.12), (6, 688.32), (6, 688.32), (5, 153.12), (5, 153.12), (5, 153.12), (5, 153.12), (5, 153.12), (5, 153.12)
(1, 565.81), (1, 565.81), (2, 77.39), (3, 663.02), (4, 1034.44), (5, 43.19), (6, 586.76), (7, 735.31), (5, 43.19), (5, 43.19), (1, 565.81), (5, 43.19), (1, 565.81), (5, 43.19), (2, 77.39), (5, 43.19), (2, 77.39), (5, 43.19), (5, 43.19), (5, 43.19), (5, 43.19), (3, 663.02), (5, 43.19), (3, 663.02), (5, 43.19), (5, 43.19), (5, 43.19), (5, 43.19), (4, 1034.44), (5, 43.19), (5, 43.19), (4, 1034.44), (5, 43.19), (5, 43.19), (5, 43.19), (5, 43.19), (5, 43.19), (5, 43.19), (5, 43.19), (5, 43.19), (5, 43.19), (5, 43.19), (6, 586.76), (6, 586.76), (5, 43.19), (5, 43.19), (5, 43.19), (5, 43.19), (5, 43.19), (7, 735.31)
(1, 544.21), (1, 544.21), (2, 66.24), (3, 686.77), (4, 1045.27), (5, 78.59), (6, 616.88), (7, 754.19), (2, 66.24), (1, 544.21), (1, 544.21), (5, 78.59), (1, 544.21), (1, 544.21), (2, 66.24), (2, 66.24), (2, 66.24), (5, 78.59), (2, 66.24), (2, 66.24), (5, 78.59), (3, 686.77), (5, 78.59), (3, 686.77), (5, 78.59), (5, 78.59), (5, 78.59), (5, 78.59), (4, 1045.27), (5, 78.59), (4, 1045.27), (4, 1045.27), (5, 78.59), (5, 78.59), (5, 78.59), (5, 78.59), (5, 78.59), (5, 78.59), (5, 78.59), (5, 78.59), (5, 78.59), (5, 78.59), (6, 616.88), (6, 616.88), (7, 754.19), (7, 754.19), (5, 78.59), (7, 754.19), (7, 754.19), (7, 754.19)
(1, 556.78), (1, 556.78), (2, 54.08), (3, 693.7), (4, 1056.03), (5, 78.31), (6, 620.78), (7, 762.83), (2, 54.08), (2, 54.08), (1, 556.78), (5, 78.31), (1, 556.78), (1, 556.78), (2, 54.08), (2, 54.08), (2, 54.08), (5, 78.31), (2, 54.08), (2, 54.08), (5, 78.31), (3, 693.7), (5, 78.31), (3, 693.7), (5, 78.31), (5, 78.31), (5, 78.31), (5, 78.31), (4, 1056.03), (5, 78.31), (4, 1056.03), (4, 1056.03), (5, 78.31), (5, 78.31), (5, 78.31), (5, 78.31), (5, 78.31), (5, 78.31), (5, 78.31), (5, 78.31), (5, 78.31), (5, 78.31), (6, 620.78), (6, 620.78), (5, 78.31), (5, 78.31), (5, 78.31), (7, 762.83), (5, 78.31), (7, 762.83)
(3, 125.88), (1, 887.25), (2, 801.71), (3, 125.88), (4, 567.03), (5, 687.29), (6, 156.97), (7, 232.94), (3, 125.88), (3, 125.88), (3, 125.88), (3, 125.88), (3, 125.88), (3, 125.88), (5, 687.29), (6, 156.97), (5, 687.29), (5, 687.29), (5, 687.29), (5, 687.29), (3, 125.88), (3, 125.88), (3, 125.88), (3, 125.88), (3, 125.88), (3, 125.88), (7, 232.94), (7, 232.94), (4, 567.03), (7, 232.94), (4, 567.03), (4, 567.03), (6, 156.97), (6, 156.97), (5, 687.29), (6, 156.97), (6, 156.97), (6, 156.97), (6, 156.97), (6, 156.97), (6, 156.97), (6, 156.97), (6, 156.97), (6, 156.97), (3, 125.88), (7, 232.94), (3, 125.88), (7, 232.94), (3, 125.88), (7, 232.94)
(3, 67.48), (1, 826.95), (2, 803.86), (3, 67.48), (4, 480.65), (5, 689.85), (6, 207.53), (7, 140.89), (3, 67.48), (3, 67.48), (1, 826.95), (3, 67.48), (3, 67.48), (3, 67.48), (5, 689.85), (3, 67.48), (5, 689.85), (3, 67.48), (3, 67.48), (3, 67.48), (3, 67.48), (3, 67.48), (3, 67.48), (3, 67.48), (3, 67.48), (3, 67.48), (7, 140.89), (7, 140.89), (4, 480.65), (7, 140.89), (4, 480.65), (4, 480.65), (3, 67.48), (3, 67.48), (3, 67.48), (3, 67.48), (3, 67.48), (3, 67.48), (6, 207.53), (6, 207.53), (6, 207.53), (6, 207.53), (3, 67.48), (3, 67.48), (3, 67.48), (7, 140.89), (3, 67.48), (7, 140.89), (7, 140.89), (7, 140.89)
(3, 142.14), (1, 897.55), (2, 796.01), (3, 142.14), (4, 590.04), (5, 681.74), (6, 144.27), (7, 254.59), (3, 142.14), (3, 142.14), (1, 897.55), (3, 142.14), (3, 142.14), (1, 897.55), (6, 144.27), (6, 144.27), (6, 144.27), (5, 681.74), (5, 681.74), (5, 681.74), (3, 142.14), (3, 142.14), (3, 142.14), (3, 142.14), (3, 142.14), (3, 142.14), (7, 254.59), (7, 254.59), (4, 590.04), (7, 254.59), (4, 590.04), (4, 590.04), (6, 144.27), (6, 144.27), (5, 681.74), (6, 144.27), (6, 144.27), (6, 144.27), (6, 144.27), (6, 144.27), (6, 144.27), (6, 144.27), (6, 144.27), (6, 144.27), (3, 142.14), (7, 254.59), (3, 142.14), (7, 254.59), (3, 142.14), (7, 254.59)
(3, 21.38), (1, 787.69), (2, 757.03), (3, 21.38), (4, 497.1), (5, 643.15), (6, 180.45), (7, 139.81), (3, 21.38), (3, 21.38), (3, 21.38), (3, 21.38), (3, 21.38), (3, 21.38), (5, 643.15), (3, 21.38), (5, 643.15), (3, 21.38), (3, 21.38), (3, 21.38), (3, 21.38), (3, 21.38), (3, 21.38), (3, 21.38), (3, 21.38), (3, 21.38), (7, 139.81), (7, 139.81), (4, 497.1), (7, 139.81), (7, 139.81), (4, 497.1), (3, 21.38), (3, 21.38), (3, 21.38), (3, 21.38), (3, 21.38), (3, 21.38), (6, 180.45), (3, 21.38), (6, 180.45), (3, 21.38), (3, 21.38), (3, 21.38), (3, 21.38), (7, 139.81), (3, 21.38), (7, 139.81), (3, 21.38), (7, 139.81)
(3, 48.17), (1, 811.87), (2, 759.54), (3, 48.17), (4, 523.01), (5, 645.24), (6, 158.4), (7, 169.67), (3, 48.17), (3, 48.17), (3, 48.17), (3, 48.17), (3, 48.17), (3, 48.17), (5, 645.24), (5, 645.24), (5, 645.24), (5, 645.24), (5, 645.24), (5, 645.24), (3, 48.17), (3, 48.17), (3, 48.17), (3, 48.17), (3, 48.17), (3, 48.17), (7, 169.67), (7, 169.67), (4, 523.01), (7, 169.67), (7, 169.67), (4, 523.01), (3, 48.17), (5, 645.24), (5, 645.24), (5, 645.24), (3, 48.17), (3, 48.17), (6, 158.4), (6, 158.4), (6, 158.4), (6, 158.4), (6, 158.4), (3, 48.17), (3, 48.17), (7, 169.67), (3, 48.17), (7, 169.67), (3, 48.17), (7, 169.67)
(7, 60.53), (1, 741.21), (2, 773.63), (3, 75.03), (4, 423.56), (5, 661.83), (6, 254.87), (7, 60.53), (7, 60.53), (7, 60.53), (1, 741.21), (7, 60.53), (7, 60.53), (1, 741.21), (5, 661.83), (5, 661.83), (5, 661.83), (5, 661.83), (5, 661.83), (5, 661.83), (3, 75.03), (3, 75.03), (3, 75.03), (3, 75.03), (3, 75.03), (7, 60.53), (7, 60.53), (7, 60.53), (7, 60.53), (7, 60.53), (7, 60.53), (7, 60.53), (3, 75.03), (5, 661.83), (5, 661.83), (5, 661.83), (3, 75.03), (3, 75.03), (6, 254.87), (3, 75.03), (6, 254.87), (3, 75.03), (3, 75.03), (3, 75.03), (7, 60.53), (7, 60.53), (7, 60.53), (7, 60.53), (7, 60.53), (7, 60.53)
(4, 85.48), (1, 751.5), (2, 1046.2), (3, 479.05), (4, 85.48), (5, 949.42), (6, 658.68), (7, 344.0), (1, 751.5), (1, 751.5), (1, 751.5), (4, 85.48), (1, 751.5), (1, 751.5), (2, 1046.2), (5, 949.42), (2, 1046.2), (5, 949.42), (5, 949.42), (5, 949.42), (7, 344.0), (7, 344.0), (7, 344.0), (7, 344.0), (7, 344.0), (7, 344.0), (4, 85.48), (4, 85.48), (4, 85.48), (4, 85.48), (4, 85.48), (4, 85.48), (5, 949.42), (5, 949.42), (5, 949.42), (5, 949.42), (5, 949.42), (7, 344.0), (7, 344.0), (7, 344.0), (7, 344.0), (7, 344.0), (7, 344.0), (7, 344.0), (7, 344.0), (4, 85.48), (7, 344.0), (7, 344.0), (7, 344.0), (4, 85.48)
(4, 80.05), (1, 801.62), (2, 1040.88), (3, 416.62), (4, 80.05), (5, 938.65), (6, 596.93), (7, 283.28), (1, 801.62), (1, 801.62), (1, 801.62), (4, 80.05), (4, 80.05), (1, 801.62), (2, 1040.88), (5, 938.65), (5, 938.65), (5, 938.65), (5, 938.65), (5, 938.65), (7, 283.28), (7, 283.28), (7, 283.28), (7, 283.28), (7, 283.28), (7, 283.28), (4, 80.05), (4, 80.05), (4, 80.05), (4, 80.05), (4, 80.05), (4, 80.05), (7, 283.28), (5, 938.65), (5, 938.65), (5, 938.65), (7, 283.28), (7, 283.28), (3, 416.62), (7, 283.28), (3, 416.62), (7, 283.28), (7, 283.28), (7, 283.28), (7, 283.28), (7, 283.28), (7, 283.28), (7, 283.28), (7, 283.28), (4, 80.05)
(4, 54.42), (1, 868.42), (2, 1159.76), (3, 550.31), (4, 54.42), (5, 1060.61), (6, 730.4), (7, 417.42), (4, 54.42), (4, 54.42), (1, 868.42), (4, 54.42), (4, 54.42), (1, 868.42), (2, 1159.76), (5, 1060.61), (2, 1159.76), (4, 54.42), (4, 54.42), (4, 54.42), (4, 54.42), (4, 54.42), (4, 54.42), (4, 54.42), (4, 54.42), (7, 417.42), (4, 54.42), (4, 54.42), (4, 54.42), (4, 54.42), (4, 54.42), (4, 54.42), (4, 54.42), (4, 54.42), (4, 54.42), (4, 54.42), (4, 54.42), (4, 54.42), (3, 550.31), (4, 54.42), (3, 550.31), (4, 54.42), (4, 54.42), (4, 54.42), (4, 54.42), (4, 54.42), (4, 54.42), (4, 54.42), (4, 54.42), (4, 54.42)
(4, 55.36), (1, 842.72), (2, 1085.49), (3, 449.91), (4, 55.36), (5, 982.83), (6, 629.43), (7, 318.79), (4, 55.36), (1, 842.72), (1, 842.72), (4, 55.36), (4, 55.36), (1, 842.72), (2, 1085.49), (5, 982.83), (5, 982.83), (5, 982.83), (5, 982.83), (5, 982.83), (7, 318.79), (7, 318.79), (7, 318.79), (7, 318.79), (7, 318.79), (7, 318.79), (4, 55.36), (4, 55.36), (4, 55.36), (4, 55.36), (4, 55.36), (4, 55.36), (7, 318.79), (5, 982.83), (5, 982.83), (5, 982.83), (7, 318.79), (7, 318.79), (6, 629.43), (3, 449.91), (6, 629.43), (3, 449.91), (7, 318.79), (3, 449.91), (7, 318.79), (4, 55.36), (7, 318.79), (7, 318.79), (7, 318.79), (4, 55.36)
(4, 29.0), (1, 821.05), (2, 1109.99), (3, 512.94), (4, 29.0), (5, 1011.39), (6, 693.4), (7, 378.62), (4, 29.0), (1, 821.05), (1, 821.05), (4, 29.0), (4, 29.0), (1, 821.05), (2, 1109.99), (5, 1011.39), (2, 1109.99), (5, 1011.39), (4, 29.0), (4, 29.0), (4, 29.0), (4, 29.0), (4, 29.0), (7, 378.62), (7, 378.62), (7, 378.62), (4, 29.0), (4, 29.0), (4, 29.0), (4, 29.0), (4, 29.0), (4, 29.0), (4, 29.0), (5, 1011.39), (5, 1011.39), (5, 1011.39), (4, 29.0), (4, 29.0), (3, 512.94), (7, 378.62), (3, 512.94), (7, 378.62), (7, 378.62), (7, 378.62), (4, 29.0), (4, 29.0), (4, 29.0), (4, 29.0), (4, 29.0), (4, 29.0)
(4, 32.25), (1, 858.8), (2, 1140.75), (3, 527.18), (4, 32.25), (5, 1040.94), (6, 707.24), (7, 394.42), (4, 32.25), (4, 32.25), (4, 32.25), (4, 32.25), (4, 32.25), (1, 858.8), (4, 32.25), (4, 32.25), (4, 32.25), (4, 32.25), (4, 32.25), (4, 32.25), (4, 32.25), (4, 32.25), (4, 32.25), (4, 32.25), (4, 32.25), (7, 394.42), (4, 32.25), (4, 32.25), (4, 32.25), (4, 32.25), (4, 32.25), (4, 32.25), (4, 32.25), (4, 32.25), (4, 32.25), (4, 32.25), (4, 32.25), (4, 32.25), (3, 527.18), (4, 32.25), (6, 707.24), (4, 32.25), (4, 32.25), (4, 32.25), (4, 32.25), (4, 32.25), (4, 32.25), (4, 32.25), (4, 32.25), (4, 32.25)
(1, 543.91), (1, 543.91), (2, 145.89), (3, 595.4), (4, 968.19), (5, 44.27), (6, 524.8), (7, 666.81), (5, 44.27), (5, 44.27), (1, 543.91), (5, 44.27), (1, 543.91), (1, 543.91), (2, 145.89), (5, 44.27), (5, 44.27), (5, 44.27), (5, 44.27), (5, 44.27), (6, 524.8), (3, 595.4), (6, 524.8), (3, 595.4), (3, 595.4), (3, 595.4), (5, 44.27), (7, 666.81), (4, 968.19), (7, 666.81), (4, 968.19), (4, 968.19), (5, 44.27), (5, 44.27), (5, 44.27), (5, 44.27), (5, 44.27), (5, 44.27), (5, 44.27), (6, 524.8), (5, 44.27), (6, 524.8), (6, 524.8), (6, 524.8), (7, 666.81), (7, 666.81), (7, 666.81), (7, 666.81), (7, 666.81), (7, 666.81)
(5, 18.87), (1, 594.05), (2, 127.12), (3, 616.6), (4, 1006.72), (5, 18.87), (6, 531.59), (7, 695.95), (5, 18.87), (5, 18.87), (1, 594.05), (5, 18.87), (1, 594.05), (5, 18.87), (5, 18.87), (5, 18.87), (5, 18.87), (5, 18.87), (5, 18.87), (5, 18.87), (6, 531.59), (3, 616.6), (6, 531.59), (3, 616.6), (5, 18.87), (5, 18.87), (5, 18.87), (5, 18.87), (4, 1006.72), (5, 18.87), (5, 18.87), (4, 1006.72), (5, 18.87), (5, 18.87), (5, 18.87), (5, 18.87), (5, 18.87), (5, 18.87), (5, 18.87), (6, 531.59), (5, 18.87), (5, 18.87), (6, 531.59), (6, 531.59), (3, 616.6), (7, 695.95), (5, 18.87), (7, 695.95), (7, 695.95), (7, 695.95)
(1, 558.05), (1, 558.05), (2, 86.61), (3, 654.72), (4, 1024.41), (5, 40.16), (6, 580.34), (7, 726.11), (5, 40.16), (5, 40.16), (1, 558.05), (5, 40.16), (1, 558.05), (5, 40.16), (2, 86.61), (5, 40.16), (2, 86.61), (5, 40.16), (5, 40.16), (5, 40.16), (5, 40.16), (3, 654.72), (5, 40.16), (3, 654.72), (5, 40.16), (5, 40.16), (5, 40.16), (5, 40.16), (4, 1024.41), (5, 40.16), (5, 40.16), (4, 1024.41), (5, 40.16), (5, 40.16), (5, 40.16), (5, 40.16), (5, 40.16), (5, 40.16), (5, 40.16), (5, 40.16), (5, 40.16), (5, 40.16), (6, 580.34), (6, 580.34), (5, 40.16), (5, 40.16), (5, 40.16), (7, 726.11), (5, 40.16), (7, 726.11)
(1, 563.45), (1, 563.45), (2, 117.18), (3, 622.63), (4, 999.63), (5, 16.49), (6, 546.3), (7, 696.44), (5, 16.49), (5, 16.49), (1, 563.45), (5, 16.49), (1, 563.45), (5, 16.49), (2, 117.18), (5, 16.49), (2, 117.18), (5, 16.49), (5, 16.49), (5, 16.49), (6, 546.3), (3, 622.63), (6, 546.3), (3, 622.63), (5, 16.49), (5, 16.49), (5, 16.49), (5, 16.49), (4, 999.63), (5, 16.49), (5, 16.49), (4, 999.63), (5, 16.49), (5, 16.49), (5, 16.49), (5, 16.49), (5, 16.49), (5, 16.49), (5, 16.49), (6, 546.3), (5, 16.49), (5, 16.49), (6, 546.3), (6, 546.3), (3, 622.63), (7, 696.44), (5, 16.49), (7, 696.44), (7, 696.44), (7, 696.44)
(1, 592.35), (1, 592.35), (2, 162.27), (3, 581.41), (4, 975.99), (5, 49.09), (6, 496.59), (7, 662.03), (5, 49.09), (5, 49.09), (1, 592.35), (5, 49.09), (1, 592.35), (5, 49.09), (5, 49.09), (5, 49.09), (5, 49.09), (5, 49.09), (5, 49.09), (5, 49.09), (6, 496.59), (3, 581.41), (6, 496.59), (3, 581.41), (3, 581.41), (3, 581.41), (5, 49.09), (7, 662.03), (4, 975.99), (7, 662.03), (4, 975.99), (4, 975.99), (5, 49.09), (5, 49.09), (5, 49.09), (5, 49.09), (5, 49.09), (5, 49.09), (5, 49.09), (6, 496.59), (5, 49.09), (6, 496.59), (6, 496.59), (6, 496.59), (3, 581.41), (7, 662.03), (3, 581.41), (7, 662.03), (7, 662.03), (7, 662.03)
(1, 588.67), (1, 588.67), (2, 171.84), (3, 571.03), (4, 965.55), (5, 57.87), (6, 487.35), (7, 651.41), (5, 57.87), (5, 57.87), (1, 588.67), (5, 57.87), (1, 588.67), (5, 57.87), (5, 57.87), (5, 57.87), (5, 57.87), (5, 57.87), (5, 57.87), (5, 57.87), (6, 487.35), (3, 571.03), (6, 487.35), (3, 571.03), (3, 571.03), (3, 571.03), (7, 651.41), (7, 651.41), (4, 965.55), (7, 651.41), (4, 965.55), (4, 965.55), (5, 57.87), (5, 57.87), (5, 57.87), (5, 57.87), (5, 57.87), (5, 57.87), (5, 57.87), (6, 487.35), (5, 57.87), (6, 487.35), (6, 487.35), (6, 487.35), (3, 571.03), (7, 651.41), (3, 571.03), (7, 651.41), (7, 651.41), (7, 651.41)
(1, 870.91), (1, 870.91), (2, 618.05), (3, 290.17), (4, 786.74), (5, 509.0), (6, 110.11), (7, 424.58), (6, 110.11), (6, 110.11), (1, 870.91), (6, 110.11), (1, 870.91), (1, 870.91), (5, 509.0), (5, 509.0), (5, 509.0), (5, 509.0), (5, 509.0), (5, 509.0), (6, 110.11), (6, 110.11), (6, 110.11), (6, 110.11), (6, 110.11), (6, 110.11), (7, 424.58), (3, 290.17), (3, 290.17), (6, 110.11), (3, 290.17), (3, 290.17), (5, 509.0), (5, 509.0), (5, 509.0), (5, 509.0), (5, 509.0), (5, 509.0), (6, 110.11), (6, 110.11), (6, 110.11), (6, 110.11), (6, 110.11), (6, 110.11), (6, 110.11), (7, 424.58), (6, 110.11), (7, 424.58), (6, 110.11), (6, 110.11)
(6, 65.39), (1, 892.44), (2, 712.67), (3, 208.31), (4, 695.18), (5, 600.22), (6, 65.39), (7, 341.41), (6, 65.39), (6, 65.39), (6, 65.39), (6, 65.39), (6, 65.39), (6, 65.39), (5, 600.22), (6, 65.39), (5, 600.22), (5, 600.22), (5, 600.22), (5, 600.22), (6, 65.39), (6, 65.39), (6, 65.39), (3, 208.31), (6, 65.39), (3, 208.31), (7, 341.41), (7, 341.41), (4, 695.18), (3, 208.31), (7, 341.41), (4, 695.18), (6, 65.39), (6, 65.39), (5, 600.22), (6, 65.39), (6, 65.39), (6, 65.39), (6, 65.39), (6, 65.39), (6, 65.39), (6, 65.39), (6, 65.39), (6, 65.39), (3, 208.31), (7, 341.41), (3, 208.31), (7, 341.41), (3, 208.31), (3, 208.31)
(1, 866.7), (1, 866.7), (2, 620.63), (3, 280.96), (4, 777.53), (5, 511.05), (6, 100.9), (7, 415.39), (6, 100.9), (6, 100.9), (1, 866.7), (6, 100.9), (1, 866.7), (1, 866.7), (5, 511.05), (5, 511.05), (5, 511.05), (5, 511.05), (5, 511.05), (5, 511.05), (6, 100.9), (6, 100.9), (6, 100.9), (6, 100.9), (6, 100.9), (6, 100.9), (7, 415.39), (3, 280.96), (3, 280.96), (6, 100.9), (3, 280.96), (6, 100.9), (5, 511.05), (5, 511.05), (5, 511.05), (5, 511.05), (5, 511.05), (5, 511.05), (6, 100.9), (6, 100.9), (6, 100.9), (6, 100.9), (6, 100.9), (6, 100.9), (6, 100.9), (7, 415.39), (6, 100.9), (7, 415.39), (6, 100.9), (6, 100.9)
(6, 97.0), (1, 922.06), (2, 711.55), (3, 254.49), (4, 740.69), (5, 600.91), (6, 97.0), (7, 387.68), (6, 97.0), (6, 97.0), (6, 97.0), (6, 97.0), (6, 97.0), (6, 97.0), (5, 600.91), (5, 600.91), (5, 600.91), (5, 600.91), (5, 600.91), (5, 600.91), (6, 97.0), (6, 97.0), (6, 97.0), (3, 254.49), (6, 97.0), (3, 254.49), (7, 387.68), (7, 387.68), (4, 740.69), (3, 254.49), (7, 387.68), (4, 740.69), (6, 97.0), (5, 600.91), (5, 600.91), (5, 600.91), (6, 97.0), (6, 97.0), (6, 97.0), (6, 97.0), (6, 97.0), (6, 97.0), (6, 97.0), (6, 97.0), (3, 254.49), (7, 387.68), (3, 254.49), (7, 387.68), (3, 254.49), (3, 254.49)
(6, 76.0), (1, 892.51), (2, 733.08), (3, 186.68), (4, 668.14), (5, 619.96), (6, 76.0), (7, 317.5), (6, 76.0), (6, 76.0), (1, 892.51), (6, 76.0), (6, 76.0), (6, 76.0), (6, 76.0), (6, 76.0), (6, 76.0), (6, 76.0), (6, 76.0), (6, 76.0), (6, 76.0), (3, 186.68), (6, 76.0), (3, 186.68), (6, 76.0), (3, 186.68), (7, 317.5), (7, 317.5), (4, 668.14), (7, 317.5), (7, 317.5), (4, 668.14), (6, 76.0), (6, 76.0), (6, 76.0), (6, 76.0), (6, 76.0), (6, 76.0), (6, 76.0), (6, 76.0), (6, 76.0), (6, 76.0), (6, 76.0), (6, 76.0), (3, 186.68), (7, 317.5), (3, 186.68), (7, 317.5), (3, 186.68), (3, 186.68)
(1, 866.63), (1, 866.63), (2, 722.56), (3, 159.35), (4, 645.35), (5, 608.82), (6, 64.62), (7, 291.65), (6, 64.62), (6, 64.62), (1, 866.63), (6, 64.62), (6, 64.62), (1, 866.63), (6, 64.62), (6, 64.62), (6, 64.62), (6, 64.62), (6, 64.62), (6, 64.62), (6, 64.62), (3, 159.35), (6, 64.62), (3, 159.35), (3, 159.35), (3, 159.35), (7, 291.65), (7, 291.65), (4, 645.35), (3, 159.35), (7, 291.65), (4, 645.35), (6, 64.62), (6, 64.62), (6, 64.62), (6, 64.62), (6, 64.62), (6, 64.62), (6, 64.62), (6, 64.62), (6, 64.62), (6, 64.62), (6, 64.62), (6, 64.62), (3, 159.35), (7, 291.65), (3, 159.35), (7, 291.65), (3, 159.35), (3, 159.35)
(7, 69.43), (1, 804.68), (2, 862.47), (3, 141.83), (4, 367.44), (5, 750.63), (6, 315.29), (7, 69.43), (7, 69.43), (7, 69.43), (7, 69.43), (7, 69.43), (7, 69.43), (7, 69.43), (5, 750.63), (3, 141.83), (5, 750.63), (5, 750.63), (7, 69.43), (5, 750.63), (3, 141.83), (3, 141.83), (3, 141.83), (3, 141.83), (3, 141.83), (7, 69.43), (7, 69.43), (7, 69.43), (4, 367.44), (7, 69.43), (4, 367.44), (4, 367.44), (7, 69.43), (3, 141.83), (5, 750.63), (3, 141.83), (3, 141.83), (3, 141.83), (6, 315.29), (3, 141.83), (6, 315.29), (3, 141.83), (3, 141.83), (3, 141.83), (7, 69.43), (7, 69.43), (7, 69.43), (7, 69.43), (7, 69.43), (7, 69.43)
(7, 61.03), (1, 728.19), (2, 850.06), (3, 196.16), (4, 303.84), (5, 742.13), (6, 376.28), (7, 61.03), (7, 61.03), (1, 728.19), (1, 728.19), (7, 61.03), (7, 61.03), (1, 728.19), (5, 742.13), (5, 742.13), (5, 742.13), (5, 742.13), (7, 61.03), (5, 742.13), (7, 61.03), (7, 61.03), (7, 61.03), (7, 61.03), (7, 61.03), (7, 61.03), (4, 303.84), (7, 61.03), (4, 303.84), (4, 303.84), (4, 303.84), (4, 303.84), (7, 61.03), (7, 61.03), (5, 742.13), (7, 61.03), (7, 61.03), (7, 61.03), (7, 61.03), (7, 61.03), (7, 61.03), (7, 61.03), (7, 61.03), (7, 61.03), (7, 61.03), (7, 61.03), (7, 61.03), (7, 61.03), (7, 61.03), (7, 61.03)
(7, 38.29), (1, 765.66), (2, 817.92), (3, 110.44), (4, 386.84), (5, 706.41), (6, 290.07), (7, 38.29), (7, 38.29), (7, 38.29), (7, 38.29), (7, 38.29), (7, 38.29), (1, 765.66), (5, 706.41), (5, 706.41), (5, 706.41), (5, 706.41), (5, 706.41), (5, 706.41), (3, 110.44), (3, 110.44), (3, 110.44), (3, 110.44), (3, 110.44), (7, 38.29), (7, 38.29), (7, 38.29), (4, 386.84), (7, 38.29), (4, 386.84), (4, 386.84), (7, 38.29), (5, 706.41), (5, 706.41), (5, 706.41), (3, 110.44), (3, 110.44), (6, 290.07), (3, 110.44), (6, 290.07), (3, 110.44), (3, 110.44), (3, 110.44), (7, 38.29), (7, 38.29), (7, 38.29), (7, 38.29), (7, 38.29), (7, 38.29)
(7, 33.24), (1, 725.78), (2, 828.45), (3, 168.01), (4, 332.42), (5, 719.66), (6, 347.9), (7, 33.24), (7, 33.24), (7, 33.24), (1, 725.78), (7, 33.24), (7, 33.24), (1, 725.78), (5, 719.66), (5, 719.66), (5, 719.66), (5, 719.66), (7, 33.24), (7, 33.24), (7, 33.24), (7, 33.24), (7, 33.24), (7, 33.24), (7, 33.24), (7, 33.24), (7, 33.24), (7, 33.24), (4, 332.42), (7, 33.24), (4, 332.42), (4, 332.42), (7, 33.24), (7, 33.24), (7, 33.24), (7, 33.24), (7, 33.24), (7, 33.24), (7, 33.24), (7, 33.24), (7, 33.24), (7, 33.24), (7, 33.24), (7, 33.24), (7, 33.24), (7, 33.24), (7, 33.24), (7, 33.24), (7, 33.24), (7, 33.24)
(7, 39.36), (1, 773.11), (2, 832.21), (3, 123.98), (4, 374.49), (5, 720.83), (6, 302.84), (7, 39.36), (7, 39.36), (7, 39.36), (7, 39.36), (7, 39.36), (7, 39.36), (7, 39.36), (5, 720.83), (5, 720.83), (5, 720.83), (5, 720.83), (7, 39.36), (5, 720.83), (3, 123.98), (7, 39.36), (3, 123.98), (3, 123.98), (3, 123.98), (7, 39.36), (7, 39.36), (7, 39.36), (4, 374.49), (7, 39.36), (4, 374.49), (4, 374.49), (7, 39.36), (7, 39.36), (5, 720.83), (7, 39.36), (7, 39.36), (7, 39.36), (6, 302.84), (3, 123.98), (6, 302.84), (3, 123.98), (3, 123.98), (3, 123.98), (7, 39.36), (7, 39.36), (7, 39.36), (7, 39.36), (7, 39.36), (7, 39.36)
(7, 89.38), (1, 783.22), (2, 899.18), (3, 212.85), (4, 286.37), (5, 789.97), (6, 391.78), (7, 89.38), (7, 89.38), (7, 89.38), (1, 783.22), (7, 89.38), (7, 89.38), (1, 783.22), (5, 789.97), (7, 89.38), (5, 789.97), (7, 89.38), (7, 89.38), (7, 89.38), (7, 89.38), (7, 89.38), (7, 89.38), (7, 89.38), (7, 89.38), (7, 89.38), (4, 286.37), (4, 286.37), (4, 286.37), (4, 286.37), (4, 286.37), (4, 286.37), (7, 89.38), (7, 89.38), (7, 89.38), (7, 89.38), (7, 89.38), (7, 89.38), (6, 391.78), (3, 212.85), (6, 391.78), (3, 212.85), (3, 212.85), (3, 212.85), (7, 89.38), (7, 89.38), (7, 89.38), (7, 89.38), (7, 89.38), (7, 89.38)
% Distances 
0.0, 316.47, 889.41, 1039.64, 982.32, 887.07, 1124.94, 981.96, 415.63, 360.07, 294.27, 407.43, 217.04, 294.11, 926.51, 960.63, 932.8, 868.16, 842.52, 854.32, 1164.51, 1093.57, 1177.72, 1059.69, 1087.04, 1001.03, 898.01, 971.6, 1000.0, 1005.29, 960.5, 997.27, 853.81, 902.38, 861.36, 870.73, 903.77, 900.84, 1177.38, 1187.86, 1172.53, 1221.01, 1184.44, 1157.2, 1049.81, 960.34, 1016.8, 965.15, 1021.27, 1010.5
316.47, 0.0, 598.09, 766.64, 835.86, 579.94, 827.92, 735.26, 125.32, 48.26, 22.36, 133.06, 124.26, 84.34, 639.7, 662.2, 645.79, 565.81, 544.21, 556.78, 887.25, 826.95, 897.55, 787.69, 811.87, 741.21, 751.5, 801.62, 868.42, 842.72, 821.05, 858.8, 543.91, 594.05, 558.05, 563.45, 592.35, 588.67, 870.91, 892.44, 866.7, 922.06, 892.51, 866.63, 804.68, 728.19, 765.66, 725.78, 773.11, 783.22
889.41, 598.09, 0.0, 739.76, 1109.35, 114.49, 658.71, 812.67, 478.75, 549.84, 618.92, 597.79, 722.33, 596.03, 47.42, 82.76, 52.2, 77.39, 66.24, 54.08, 801.71, 803.86, 796.01, 757.03, 759.54, 773.63, 1046.2, 1040.88, 1159.76, 1085.49, 1109.99, 1140.75, 145.89, 127.12, 86.61, 117.18, 162.27, 171.84, 618.05, 712.67, 620.63, 711.55, 733.08, 722.56, 862.47, 850.06, 817.92, 828.45, 832.21, 899.18
1039.64, 766.64, 739.76, 0.0, 496.6, 626.12, 180.47, 135.13, 755.25, 746.05, 783.27, 642.49, 826.18, 839.93, 777.06, 714.76, 778.14, 663.02, 686.77, 693.7, 125.88, 67.48, 142.14, 21.38, 48.17, 75.03, 479.05, 416.62, 550.31, 449.91, 512.94, 527.18, 595.4, 616.6, 654.72, 622.63, 581.41, 571.03, 290.17, 208.31, 280.96, 254.49, 186.68, 159.35, 141.83, 196.16, 110.44, 168.01, 123.98, 212.85
982.32, 835.86, 1109.35, 496.6, 0.0, 1009.2, 676.84, 363.32, 897.66, 844.66, 840.69, 709.33, 820.95, 919.96, 1154.51, 1113.06, 1157.61, 1034.44, 1045.27, 1056.03, 567.03, 480.65, 590.04, 497.1, 523.01, 423.56, 85.48, 80.05, 54.42, 55.36, 29.0, 32.25, 968.19, 1006.72, 1024.41, 999.63, 975.99, 965.55, 786.74, 695.18, 777.53, 740.69, 668.14, 645.35, 367.44, 303.84, 386.84, 332.42, 374.49, 286.37
887.07, 579.94, 114.49, 626.12, 1009.2, 0.0, 545.21, 702.61, 471.54, 532.46, 601.92, 554.56, 701.91, 594.08, 151.48, 106.44, 153.12, 43.19, 78.59, 78.31, 687.29, 689.85, 681.74, 643.15, 645.24, 661.83, 949.42, 938.65, 1060.61, 982.83, 1011.39, 1040.94, 44.27, 18.87, 40.16, 16.49, 49.09, 57.87, 509.0, 600.22, 511.05, 600.91, 619.96, 608.82, 750.63, 742.13, 706.41, 719.66, 720.83, 789.97
1124.94, 827.92, 658.71, 180.47, 676.84, 545.21, 0.0, 315.34, 789.3, 798.35, 847.31, 717.78, 907.93, 891.08, 688.6, 616.35, 688.32, 586.76, 616.88, 620.78, 156.97, 207.53, 144.27, 180.45, 158.4, 254.87, 658.68, 596.93, 730.4, 629.43, 693.4, 707.24, 524.8, 531.59, 580.34, 546.3, 496.59, 487.35, 110.11, 65.39, 100.9, 97.0, 76.0, 64.62, 315.29, 376.28, 290.07, 347.9, 302.84, 391.78
981.96, 735.26, 812.67, 135.13, 363.32, 702.61, 315.34, 0.0, 746.17, 722.75, 749.07, 604.27, 775.93, 814.49, 853.74, 799.21, 855.65, 735.31, 754.19, 762.83, 232.94, 140.89, 254.59, 139.81, 169.67, 60.53, 344.0, 283.28, 417.42, 318.79, 378.62, 394.42, 666.81, 695.95, 726.11, 696.44, 662.03, 651.41, 424.58, 341.41, 415.39, 387.68, 317.5, 291.65, 69.43, 61.03, 38.29, 33.24, 39.36, 89.38
415.63, 125.32, 478.75, 755.25, 897.66, 471.54, 789.3, 746.17, 0.0, 80.41, 143.68, 197.0, 247.52, 123.07, 518.82, 546.68, 525.0, 452.86, 428.32, 440.45, 868.99, 819.57, 876.32, 776.62, 797.29, 741.9, 815.84, 854.21, 935.28, 897.46, 886.1, 923.22, 439.16, 487.06, 445.89, 455.24, 489.88, 487.59, 817.59, 854.67, 814.51, 879.28, 858.92, 835.08, 814.55, 749.35, 772.31, 742.19, 781.74, 805.68
360.07, 48.26, 549.84, 746.05, 844.66, 532.46, 798.35, 722.75, 80.41, 0.0, 69.63, 135.35, 172.49, 93.98, 591.53, 614.04, 597.61, 517.82, 496.01, 508.56, 864.58, 807.97, 873.89, 767.28, 790.3, 724.9, 761.27, 806.28, 879.58, 848.4, 831.29, 868.83, 496.9, 546.77, 510.13, 515.98, 545.76, 542.31, 836.89, 863.29, 833.01, 891.37, 864.71, 839.44, 791.99, 719.63, 751.64, 715.36, 759.86, 775.34
294.27, 22.36, 618.92, 783.27, 840.69, 601.92, 847.31, 749.07, 143.68, 69.63, 0.0, 145.0, 104.02, 80.96, 660.21, 683.61, 666.32, 587.45, 565.53, 578.05, 904.49, 843.0, 915.12, 804.25, 828.81, 756.4, 755.99, 808.37, 872.12, 848.96, 825.23, 863.04, 566.06, 616.12, 579.76, 585.44, 614.58, 610.94, 891.48, 911.69, 887.18, 941.73, 911.36, 885.31, 818.49, 740.51, 780.0, 738.82, 787.16, 795.22
407.43, 133.06, 597.79, 642.49, 709.33, 554.56, 717.78, 604.27, 197.0, 135.35, 145.0, 0.0, 190.43, 216.28, 643.3, 649.41, 648.91, 550.29, 536.43, 549.56, 765.22, 700.82, 776.86, 663.24, 688.74, 612.85, 625.92, 671.75, 744.31, 713.58, 695.96, 733.48, 513.48, 565.49, 541.16, 538.41, 555.95, 550.15, 770.9, 781.04, 765.84, 813.67, 778.52, 751.68, 673.68, 595.61, 635.52, 593.83, 642.48, 650.46
217.04, 124.26, 722.33, 826.18, 820.95, 701.91, 907.93, 775.93, 247.52, 172.49, 104.02, 190.43, 0.0, 157.94, 763.95, 785.91, 770.04, 689.07, 668.09, 680.71, 950.38, 881.92, 962.98, 846.54, 873.21, 790.96, 735.47, 798.09, 846.82, 835.86, 802.57, 840.33, 664.83, 715.53, 681.14, 685.42, 712.23, 708.03, 960.98, 970.94, 956.01, 1003.97, 967.81, 940.71, 844.71, 759.36, 809.5, 761.56, 814.98, 811.77
294.11, 84.34, 596.03, 839.93, 919.96, 594.08, 891.08, 814.49, 123.07, 93.98, 80.96, 216.28, 157.94, 0.0, 634.15, 666.55, 640.41, 574.22, 548.41, 560.24, 958.57, 901.64, 967.85, 861.14, 884.25, 817.96, 835.49, 885.96, 952.1, 927.05, 904.93, 942.71, 562.16, 609.8, 567.55, 577.84, 612.94, 610.65, 927.11, 956.13, 923.47, 983.56, 957.99, 932.89, 883.84, 809.46, 843.98, 806.15, 851.92, 864.82
926.51, 639.7, 47.42, 777.06, 1154.51, 151.48, 688.6, 853.74, 518.82, 591.53, 660.21, 643.3, 763.95, 634.15, 0.0, 81.22, 6.32, 120.21, 113.6, 101.21, 834.54, 840.32, 827.89, 793.83, 795.09, 813.3, 1092.06, 1085.46, 1205.17, 1129.96, 1155.5, 1186.0, 187.86, 160.55, 130.14, 157.43, 195.92, 206.17, 641.88, 740.49, 645.03, 736.87, 762.05, 752.88, 902.11, 892.39, 857.86, 870.31, 872.27, 940.81
960.63, 662.2, 82.76, 714.76, 1113.06, 106.44, 616.35, 799.21, 546.68, 614.04, 683.61, 649.41, 785.91, 666.55, 81.22, 0.0, 78.41, 99.13, 118.36, 106.32, 765.26, 776.34, 757.47, 730.58, 729.78, 755.6, 1054.48, 1041.6, 1164.82, 1085.5, 1115.84, 1144.91, 150.38, 106.4, 108.46, 119.4, 137.89, 148.49, 564.71, 666.13, 568.23, 660.52, 688.68, 680.9, 844.04, 841.2, 800.62, 817.85, 815.25, 887.48
932.8, 645.79, 52.2, 778.14, 1157.61, 153.12, 688.32, 855.65, 525.0, 597.61, 666.32, 648.91, 770.04, 640.41, 6.32, 78.41, 0.0, 123.17, 118.11, 105.55, 834.74, 841.21, 827.92, 794.8, 795.81, 814.89, 1095.44, 1088.36, 1208.36, 1132.82, 1158.73, 1189.13, 190.37, 161.53, 133.21, 159.67, 196.79, 207.12, 640.66, 739.86, 643.9, 735.85, 761.6, 752.66, 903.67, 894.62, 859.51, 872.42, 873.94, 942.86
868.16, 565.81, 77.39, 663.02, 1034.44, 43.19, 586.76, 735.31, 452.86, 517.82, 587.45, 550.29, 689.07, 574.22, 120.21, 99.13, 123.17, 0.0, 36.67, 35.13, 727.33, 727.44, 722.28, 680.49, 683.57, 696.29, 972.49, 965.26, 1085.22, 1009.75, 1035.63, 1065.97, 68.51, 60.64, 10.3, 40.8, 92.01, 100.18, 552.03, 642.39, 554.01, 643.65, 661.75, 650.13, 785.13, 772.95, 740.55, 751.21, 754.83, 821.9
842.52, 544.21, 66.24, 686.77, 1045.27, 78.59, 616.88, 754.19, 428.32, 496.01, 565.53, 536.43, 668.09, 548.41, 113.6, 118.36, 118.11, 36.67, 0.0, 13.15, 755.02, 751.92, 750.69, 704.72, 709.03, 717.18, 981.29, 977.52, 1095.37, 1022.26, 1045.47, 1076.55, 92.65, 96.77, 38.64, 72.11, 126.15, 133.38, 585.41, 673.59, 587.14, 676.12, 692.24, 679.8, 805.91, 789.79, 761.0, 768.84, 775.1, 839.82
854.32, 556.78, 54.08, 693.7, 1056.03, 78.31, 620.78, 762.83, 440.45, 508.56, 578.05, 549.56, 680.71, 560.24, 101.21, 106.32, 105.55, 35.13, 13.15, 0.0, 760.24, 758.57, 755.55, 711.46, 715.27, 725.16, 992.46, 987.96, 1106.28, 1032.66, 1056.44, 1087.38, 98.43, 95.52, 40.45, 74.55, 127.06, 135.03, 587.07, 676.84, 589.0, 678.5, 695.93, 683.97, 813.94, 799.04, 769.14, 777.86, 783.3, 848.76
1164.51, 887.25, 801.71, 125.88, 567.03, 687.29, 156.97, 232.94, 868.99, 864.58, 904.49, 765.22, 950.38, 958.57, 834.54, 765.26, 834.74, 727.33, 755.02, 760.24, 0.0, 92.36, 23.02, 107.49, 77.8, 183.62, 565.37, 489.59, 618.14, 515.16, 587.62, 595.08, 662.37, 675.15, 720.07, 686.53, 639.73, 629.94, 253.89, 139.99, 245.42, 180.89, 109.66, 97.45, 201.43, 289.35, 196.76, 265.0, 204.12, 284.04
1093.57, 826.95, 803.86, 67.48, 480.65, 689.85, 207.53, 140.89, 819.57, 807.97, 843.0, 700.82, 881.92, 901.64, 840.32, 776.34, 841.21, 727.44, 751.92, 758.57, 92.36, 0.0, 114.56, 47.54, 50.61, 96.18, 474.81, 402.06, 532.82, 430.26, 500.02, 509.65, 660.17, 679.77, 719.31, 686.89, 644.44, 634.15, 316.06, 215.1, 306.95, 260.2, 187.52, 165.74, 113.22, 197.04, 104.4, 172.7, 112.06, 195.02
1177.72, 897.55, 796.01, 142.14, 590.04, 681.74, 144.27, 254.59, 876.32, 873.89, 915.12, 776.86, 962.98, 967.85, 827.89, 757.47, 827.92, 722.28, 750.69, 755.55, 23.02, 114.56, 0.0, 125.25, 94.18, 203.79, 588.24, 512.61, 641.11, 538.13, 610.64, 618.07, 658.06, 669.14, 715.25, 681.53, 633.8, 624.17, 236.14, 120.22, 227.91, 159.53, 89.69, 81.57, 224.4, 311.58, 218.83, 286.9, 226.55, 307.0
1059.69, 787.69, 757.03, 21.38, 497.1, 643.15, 180.45, 139.81, 776.62, 767.28, 804.25, 663.24, 846.54, 861.14, 793.83, 730.58, 794.8, 680.49, 704.72, 711.46, 107.49, 47.54, 125.25, 0.0, 31.76, 82.28, 483.2, 417.38, 550.41, 449.11, 514.44, 527.23, 613.08, 633.3, 672.29, 639.99, 598.02, 587.69, 290.56, 201.64, 281.34, 247.89, 177.9, 151.85, 135.77, 200.42, 110.45, 173.05, 122.64, 211.42
1087.04, 811.87, 759.54, 48.17, 523.01, 645.24, 158.4, 169.67, 797.29, 790.3, 828.81, 688.74, 873.21, 884.25, 795.09, 729.78, 795.81, 683.57, 709.03, 715.27, 77.8, 50.61, 94.18, 31.76, 0.0, 113.55, 511.82, 443.63, 575.9, 473.97, 541.13, 552.71, 616.85, 634.61, 675.68, 642.88, 599.19, 589.01, 267.85, 173.0, 258.68, 219.08, 147.98, 123.0, 157.65, 229.71, 138.09, 202.87, 149.08, 236.66
1001.03, 741.21, 773.63, 75.03, 423.56, 661.83, 254.87, 60.53, 741.9, 724.9, 756.4, 612.85, 790.96, 817.96, 813.3, 755.6, 814.89, 696.29, 717.18, 725.16, 183.62, 96.18, 203.79, 82.28, 113.55, 0.0, 404.1, 343.51, 477.56, 378.27, 439.11, 454.51, 627.9, 654.03, 687.42, 656.7, 619.5, 608.94, 364.05, 282.7, 354.86, 328.96, 259.89, 233.28, 88.84, 121.41, 45.28, 93.09, 60.11, 144.01
898.01, 751.5, 1046.2, 479.05, 85.48, 949.42, 658.68, 344.0, 815.84, 761.27, 755.99, 625.92, 735.47, 835.49, 1092.06, 1054.48, 1095.44, 972.49, 981.29, 992.46, 565.37, 474.81, 588.24, 483.2, 511.82, 404.1, 0.0, 96.18, 120.07, 112.54, 70.26, 107.56, 907.44, 948.12, 962.35, 939.03, 918.62, 908.34, 767.05, 684.66, 757.93, 730.84, 659.61, 634.71, 364.22, 283.0, 373.77, 311.04, 363.59, 281.82
971.6, 801.62, 1040.88, 416.62, 80.05, 938.65, 596.93, 283.28, 854.21, 806.28, 808.37, 671.75, 798.09, 885.96, 1085.46, 1041.6, 1088.36, 965.26, 977.52, 987.96, 489.59, 402.06, 512.61, 417.38, 443.63, 343.51, 96.18, 0.0, 134.2, 45.22, 98.05, 111.32, 898.35, 935.45, 955.33, 929.61, 904.09, 893.58, 706.78, 616.11, 697.57, 661.77, 589.37, 566.21, 289.0, 223.95, 307.03, 252.48, 294.85, 207.24
1000.0, 868.42, 1159.76, 550.31, 54.42, 1060.61, 730.4, 417.42, 935.28, 879.58, 872.12, 744.31, 846.82, 952.1, 1205.17, 1164.82, 1208.36, 1085.22, 1095.37, 1106.28, 618.14, 532.82, 641.11, 550.41, 575.9, 477.56, 120.07, 134.2, 0.0, 103.0, 50.61, 23.19, 1019.31, 1058.44, 1075.15, 1050.8, 1028.01, 1017.6, 840.37, 747.67, 831.16, 793.01, 720.34, 697.93, 419.63, 358.13, 440.33, 386.68, 427.77, 339.27
1005.29, 842.72, 1085.49, 449.91, 55.36, 982.83, 629.43, 318.79, 897.46, 848.4, 848.96, 713.58, 835.86, 927.05, 1129.96, 1085.5, 1132.82, 1009.75, 1022.26, 1032.66, 515.16, 430.26, 538.13, 449.11, 473.97, 378.27, 112.54, 45.22, 103.0, 0.0, 82.37, 80.06, 942.71, 979.44, 999.85, 973.93, 947.89, 937.36, 739.52, 645.26, 730.3, 690.46, 617.73, 595.61, 317.17, 261.17, 339.56, 289.32, 326.59, 237.69
960.5, 821.05, 1109.99, 512.94, 29.0, 1011.39, 693.4, 378.62, 886.1, 831.29, 825.23, 695.96, 802.57, 904.93, 1155.5, 1115.84, 1158.73, 1035.63, 1045.47, 1056.44, 587.62, 500.02, 610.64, 514.44, 541.13, 439.11, 70.26, 98.05, 50.61, 82.37, 0.0, 37.85, 969.91, 1009.44, 1025.54, 1001.43, 979.25, 968.87, 803.02, 713.81, 793.82, 759.55, 687.24, 663.87, 387.01, 318.3, 403.99, 346.93, 392.15, 305.08
997.27, 858.8, 1140.75, 527.18, 32.25, 1040.94, 707.24, 394.42, 923.22, 868.83, 863.04, 733.48, 840.33, 942.71, 1186.0, 1144.91, 1189.13, 1065.97, 1076.55, 1087.38, 595.08, 509.65, 618.07, 527.23, 552.71, 454.51, 107.56, 111.32, 23.19, 80.06, 37.85, 0.0, 999.83, 1038.56, 1055.93, 1031.29, 1007.92, 997.49, 817.22, 724.49, 808.01, 769.83, 697.17, 674.75, 396.46, 335.26, 417.17, 363.79, 404.59, 316.08
853.81, 543.91, 145.89, 595.4, 968.19, 44.27, 524.8, 666.81, 439.16, 496.9, 566.06, 513.48, 664.83, 562.16, 187.86, 150.38, 190.37, 68.51, 92.65, 98.43, 662.37, 660.17, 658.06, 613.08, 616.85, 627.9, 907.44, 898.35, 1019.31, 942.71, 969.91, 999.83, 0.0, 52.04, 59.54, 31.62, 52.4, 53.6, 496.95, 582.18, 498.23, 586.07, 600.31, 587.48, 716.72, 704.66, 672.11, 682.8, 686.37, 753.45
902.38, 594.05, 127.12, 616.6, 1006.72, 18.87, 531.59, 695.95, 487.06, 546.77, 616.12, 565.49, 715.53, 609.8, 160.55, 106.4, 161.53, 60.64, 96.77, 95.52, 675.15, 679.77, 669.14, 633.3, 634.61, 654.03, 948.12, 935.45, 1058.44, 979.44, 1009.44, 1038.56, 52.04, 0.0, 58.69, 32.8, 35.47, 45.62, 493.06, 585.8, 495.29, 585.58, 606.01, 595.45, 742.75, 736.61, 698.81, 713.71, 713.31, 783.74
861.36, 558.05, 86.61, 654.72, 1024.41, 40.16, 580.34, 726.11, 445.89, 510.13, 579.76, 541.16, 681.14, 567.55, 130.14, 108.46, 133.21, 10.3, 38.64, 40.45, 720.07, 719.31, 715.25, 672.29, 675.68, 687.42, 962.35, 955.33, 1075.15, 999.85, 1025.54, 1055.93, 59.54, 58.69, 0.0, 34.13, 87.57, 95.05, 547.21, 636.43, 549.03, 638.31, 655.49, 643.54, 776.25, 763.48, 731.61, 741.84, 745.86, 812.57
870.73, 563.45, 117.18, 622.63, 999.63, 16.49, 546.3, 696.44, 455.24, 515.98, 585.44, 538.41, 685.42, 577.84, 157.43, 119.4, 159.67, 40.8, 72.11, 74.55, 686.53, 686.89, 681.53, 639.99, 642.88, 656.7, 939.03, 929.61, 1050.8, 973.93, 1001.43, 1031.29, 31.62, 32.8, 34.13, 0.0, 54.57, 61.29, 513.32, 602.3, 515.08, 604.24, 621.41, 609.57, 745.53, 734.98, 701.09, 712.88, 715.43, 783.4
903.77, 592.35, 162.27, 581.41, 975.99, 49.09, 496.59, 662.03, 489.88, 545.76, 614.58, 555.95, 712.23, 612.94, 195.92, 137.89, 196.79, 92.01, 126.15, 127.06, 639.73, 644.44, 633.8, 598.02, 599.19, 619.5, 918.62, 904.09, 1028.01, 947.89, 979.25, 1007.92, 52.4, 35.47, 87.57, 54.57, 0.0, 10.63, 460.03, 551.26, 462.02, 551.82, 571.18, 560.35, 708.16, 703.43, 664.36, 680.24, 678.9, 750.06
900.84, 588.67, 171.84, 571.03, 965.55, 57.87, 487.35, 651.41, 487.59, 542.31, 610.94, 550.15, 708.03, 610.65, 206.17, 148.49, 207.12, 100.18, 133.38, 135.03, 629.94, 634.15, 624.17, 587.69, 589.01, 608.94, 908.34, 893.58, 1017.6, 937.36, 968.87, 997.49, 53.6, 45.62, 95.05, 61.29, 10.63, 0.0, 452.16, 542.41, 454.01, 543.49, 562.09, 551.0, 697.6, 692.81, 653.78, 669.61, 668.32, 739.43
1177.38, 870.91, 618.05, 290.17, 786.74, 509.0, 110.11, 424.58, 817.59, 836.89, 891.48, 770.9, 960.98, 927.11, 641.88, 564.71, 640.66, 552.03, 585.41, 587.07, 253.89, 316.06, 236.14, 290.56, 267.85, 364.05, 767.05, 706.78, 840.37, 739.52, 803.02, 817.22, 496.95, 493.06, 547.21, 513.32, 460.03, 452.16, 0.0, 118.14, 9.22, 97.5, 147.83, 156.71, 425.18, 485.36, 400.08, 456.86, 412.93, 501.89
1187.86, 892.44, 712.67, 208.31, 695.18, 600.22, 65.39, 341.41, 854.67, 863.29, 911.69, 781.04, 970.94, 956.13, 740.49, 666.13, 739.86, 642.39, 673.59, 676.84, 139.99, 215.1, 120.22, 201.64, 173.0, 282.7, 684.66, 616.11, 747.67, 645.26, 713.81, 724.49, 582.18, 585.8, 636.43, 602.3, 551.26, 542.41, 118.14, 0.0, 110.63, 46.27, 30.53, 50.0, 328.09, 402.05, 311.06, 374.64, 322.02, 408.89
1172.53, 866.7, 620.63, 280.96, 777.53, 511.05, 100.9, 415.39, 814.51, 833.01, 887.18, 765.84, 956.01, 923.47, 645.03, 568.23, 643.9, 554.01, 587.14, 589.0, 245.42, 306.95, 227.91, 281.34, 258.68, 354.86, 757.93, 697.57, 831.16, 730.3, 793.82, 808.01, 498.23, 495.29, 549.03, 515.08, 462.02, 454.01, 9.22, 110.63, 0.0, 92.72, 140.01, 148.12, 415.99, 476.19, 390.86, 447.69, 403.71, 492.67
1221.01, 922.06, 711.55, 254.49, 740.69, 600.91, 97.0, 387.68, 879.28, 891.37, 941.73, 813.67, 1003.97, 983.56, 736.87, 660.52, 735.85, 643.65, 676.12, 678.5, 180.89, 260.2, 159.53, 247.89, 219.08, 328.96, 730.84, 661.77, 793.01, 690.46, 759.55, 769.83, 586.07, 585.58, 638.31, 604.24, 551.82, 543.49, 97.5, 46.27, 92.72, 0.0, 72.84, 96.13, 373.37, 448.29, 357.17, 420.9, 368.0, 454.53
1184.44, 892.51, 733.08, 186.68, 668.14, 619.96, 76.0, 317.5, 858.92, 864.71, 911.36, 778.52, 967.81, 957.99, 762.05, 688.68, 761.6, 661.75, 692.24, 695.93, 109.66, 187.52, 89.69, 177.9, 147.98, 259.89, 659.61, 589.37, 720.34, 617.73, 687.24, 697.17, 600.31, 606.01, 655.49, 621.41, 571.18, 562.09, 147.83, 30.53, 140.01, 72.84, 0.0, 28.84, 300.73, 377.69, 285.85, 350.73, 296.24, 382.16
1157.2, 866.63, 722.56, 159.35, 645.35, 608.82, 64.62, 291.65, 835.08, 839.44, 885.31, 751.68, 940.71, 932.89, 752.88, 680.9, 752.66, 650.13, 679.8, 683.97, 97.45, 165.74, 81.57, 151.85, 123.0, 233.28, 634.71, 566.21, 697.93, 595.61, 663.87, 674.75, 587.48, 595.45, 643.54, 609.57, 560.35, 551.0, 156.71, 50.0, 148.12, 96.13, 28.84, 0.0, 278.47, 352.2, 261.07, 324.89, 272.03, 359.02
1049.81, 804.68, 862.47, 141.83, 367.44, 750.63, 315.29, 69.43, 814.55, 791.99, 818.49, 673.68, 844.71, 883.84, 902.11, 844.04, 903.67, 785.13, 805.91, 813.94, 201.43, 113.22, 224.4, 135.77, 157.65, 88.84, 364.22, 289.0, 419.63, 317.17, 387.01, 396.46, 716.72, 742.75, 776.25, 745.53, 708.16, 697.6, 425.18, 328.09, 415.99, 373.37, 300.73, 278.47, 0.0, 99.9, 45.54, 85.98, 33.24, 82.61
960.34, 728.19, 850.06, 196.16, 303.84, 742.13, 376.28, 61.03, 749.35, 719.63, 740.51, 595.61, 759.36, 809.46, 892.39, 841.2, 894.62, 772.95, 789.79, 799.04, 289.35, 197.04, 311.58, 200.42, 229.71, 121.41, 283.0, 223.95, 358.13, 261.17, 318.3, 335.26, 704.66, 736.61, 763.48, 734.98, 703.43, 692.81, 485.36, 402.05, 476.19, 448.29, 377.69, 352.2, 99.9, 0.0, 92.89, 28.64, 85.62, 56.44
1016.8, 765.66, 817.92, 110.44, 386.84, 706.41, 290.07, 38.29, 772.31, 751.64, 780.0, 635.52, 809.5, 843.98, 857.86, 800.62, 859.51, 740.55, 761.0, 769.14, 196.76, 104.4, 218.83, 110.45, 138.09, 45.28, 373.77, 307.03, 440.33, 339.56, 403.99, 417.17, 672.11, 698.81, 731.61, 701.09, 664.36, 653.78, 400.08, 311.06, 390.86, 357.17, 285.85, 261.07, 45.54, 92.89, 0.0, 68.45, 14.87, 102.46
965.15, 725.78, 828.45, 168.01, 332.42, 719.66, 347.9, 33.24, 742.19, 715.36, 738.82, 593.83, 761.56, 806.15, 870.31, 817.85, 872.42, 751.21, 768.84, 777.86, 265.0, 172.7, 286.9, 173.05, 202.87, 93.09, 311.04, 252.48, 386.68, 289.32, 346.93, 363.79, 682.8, 713.71, 741.84, 712.88, 680.24, 669.61, 456.86, 374.64, 447.69, 420.9, 350.73, 324.89, 85.98, 28.64, 68.45, 0.0, 64.2, 71.2
1021.27, 773.11, 832.21, 123.98, 374.49, 720.83, 302.84, 39.36, 781.74, 759.86, 787.16, 642.48, 814.98, 851.92, 872.27, 815.25, 873.94, 754.83, 775.1, 783.3, 204.12, 112.06, 226.55, 122.64, 149.08, 60.11, 363.59, 294.85, 427.77, 326.59, 392.15, 404.59, 686.37, 713.31, 745.86, 715.43, 678.9, 668.32, 412.93, 322.02, 403.71, 368.0, 296.24, 272.03, 33.24, 85.62, 14.87, 64.2, 0.0, 89.02
1010.5, 783.22, 899.18, 212.85, 286.37, 789.97, 391.78, 89.38, 805.68, 775.34, 795.22, 650.46, 811.77, 864.82, 940.81, 887.48, 942.86, 821.9, 839.82, 848.76, 284.04, 195.02, 307.0, 211.42, 236.66, 144.01, 281.82, 207.24, 339.27, 237.69, 305.08, 316.08, 753.45, 783.74, 812.57, 783.4, 750.06, 739.43, 501.89, 408.89, 492.67, 454.53, 382.16, 359.02, 82.61, 56.44, 102.46, 71.2, 89.02, 0.0
% DistancesWithCharging 
0.0, 316.47, 889.41, 1039.64, 982.32, 887.07, 1124.94, 981.96, 540.95, 408.33, 316.63, 540.49, 341.3, 378.45000000000005, 973.93, 1043.39, 985.0, 911.3499999999999, 908.76, 908.4000000000001, 1290.3899999999999, 1161.05, 1319.8600000000001, 1081.0700000000002, 1135.21, 1061.56, 983.49, 1051.65, 1054.42, 1060.6499999999999, 989.5, 1029.52, 898.0799999999999, 921.25, 901.52, 887.22, 952.86, 958.71, 1287.49, 1253.25, 1273.43, 1318.01, 1260.44, 1221.8200000000002, 1119.24, 1021.37, 1055.09, 998.39, 1060.6299999999999, 1099.88
316.47, 0.0, 598.09, 766.64, 835.86, 579.94, 827.92, 735.26, 250.64, 96.52, 44.72, 266.12, 248.52, 168.68, 687.12, 744.96, 697.99, 609.0, 610.45, 610.86, 1013.13, 894.4300000000001, 1039.69, 809.07, 860.04, 801.74, 836.98, 881.67, 922.8399999999999, 898.08, 850.05, 891.05, 588.18, 612.92, 598.2099999999999, 579.94, 641.44, 646.54, 981.02, 957.83, 967.6, 1019.06, 968.51, 931.25, 874.1099999999999, 789.22, 803.9499999999999, 759.02, 812.47, 872.6
889.41, 598.09, 0.0, 739.76, 1109.35, 114.49, 658.71, 812.67, 604.0699999999999, 598.1, 641.28, 730.8499999999999, 846.59, 680.37, 94.84, 165.52, 104.4, 120.58, 132.48, 108.16, 927.59, 871.34, 938.15, 778.41, 807.7099999999999, 834.16, 1131.68, 1120.93, 1214.18, 1140.85, 1138.99, 1173.0, 190.16, 145.99, 126.77, 133.67000000000002, 211.36, 229.71, 728.16, 778.06, 721.53, 808.55, 809.08, 787.18, 931.9000000000001, 911.0899999999999, 856.2099999999999, 861.69, 871.57, 988.56
1039.64, 766.64, 739.76, 0.0, 496.6, 626.12, 180.47, 135.13, 880.5699999999999, 794.31, 805.63, 775.55, 950.4399999999999, 924.27, 824.4799999999999, 797.52, 830.34, 706.21, 753.01, 747.7800000000001, 251.76, 134.96, 284.28, 42.76, 96.34, 135.56, 564.53, 496.67, 604.7299999999999, 505.27000000000004, 541.94, 559.43, 639.67, 635.47, 694.88, 639.12, 630.5, 628.9, 400.28000000000003, 273.7, 381.86, 351.49, 262.68, 223.97, 211.26000000000002, 257.19, 148.73, 201.25, 163.34, 302.23
982.32, 835.86, 1109.35, 496.6, 0.0, 1009.2, 676.84, 363.32, 1022.98, 892.92, 863.0500000000001, 842.3900000000001, 945.21, 1004.3000000000001, 1201.93, 1195.82, 1209.81, 1077.63, 1111.51, 1110.11, 692.91, 548.13, 732.18, 518.48, 571.18, 484.09000000000003, 170.96, 160.1, 108.84, 110.72, 58.0, 64.5, 1012.46, 1025.59, 1064.5700000000002, 1016.12, 1025.08, 1023.42, 896.85, 760.5699999999999, 878.43, 837.69, 744.14, 709.97, 436.87, 364.87, 425.13, 365.66, 413.85, 375.75
887.07, 579.94, 114.49, 626.12, 1009.2, 0.0, 545.21, 702.61, 596.86, 580.72, 624.28, 687.6199999999999, 826.17, 678.4200000000001, 198.89999999999998, 189.2, 205.32, 86.38, 144.82999999999998, 132.39, 813.17, 757.33, 823.88, 664.53, 693.41, 722.36, 1034.8999999999999, 1018.6999999999999, 1115.03, 1038.19, 1040.3899999999999, 1073.19, 88.54, 37.74, 80.32, 32.98, 98.18, 115.74, 619.11, 665.61, 611.95, 697.91, 695.96, 673.44, 820.06, 803.16, 744.6999999999999, 752.9, 760.19, 879.35
1124.94, 827.92, 658.71, 180.47, 676.84, 545.21, 0.0, 315.34, 914.6199999999999, 846.61, 869.67, 850.8399999999999, 1032.19, 975.4200000000001, 736.02, 699.11, 740.5200000000001, 629.95, 683.12, 674.86, 282.85, 275.01, 286.40999999999997, 201.82999999999998, 206.57, 315.4, 744.16, 676.9799999999999, 784.8199999999999, 684.79, 722.4, 739.49, 569.0699999999999, 550.46, 620.5, 562.79, 545.68, 545.22, 220.22, 130.78, 201.8, 194.0, 152.0, 129.24, 384.72, 437.30999999999995, 328.36, 381.14, 342.2, 481.15999999999997
981.96, 735.26, 812.67, 135.13, 363.32, 702.61, 315.34, 0.0, 871.49, 771.01, 771.4300000000001, 737.3299999999999, 900.1899999999999, 898.83, 901.16, 881.97, 907.85, 778.5, 820.4300000000001, 816.9100000000001, 358.82, 208.37, 396.73, 161.19, 217.83999999999997, 121.06, 429.48, 363.33, 471.84000000000003, 374.15000000000003, 407.62, 426.67, 711.0799999999999, 714.82, 766.27, 712.9300000000001, 711.12, 709.28, 534.6899999999999, 406.8, 516.29, 484.68, 393.5, 356.27, 138.86, 122.06, 76.58, 66.48, 78.72, 178.76
415.63, 125.32, 478.75, 755.25, 897.66, 471.54, 789.3, 746.17, 125.32, 128.67, 166.04000000000002, 330.06, 371.78000000000003, 207.41, 566.24, 629.4399999999999, 577.2, 496.05, 494.56, 494.53, 994.87, 887.0500000000001, 1018.46, 798.0, 845.4599999999999, 802.43, 901.32, 934.26, 989.6999999999999, 952.82, 915.1, 955.47, 483.43, 505.93, 486.04999999999995, 471.73, 538.97, 545.4599999999999, 927.7, 920.06, 915.41, 976.28, 934.92, 899.7, 883.98, 810.38, 810.5999999999999, 775.4300000000001, 821.1, 895.06
360.07, 48.26, 549.84, 746.05, 844.66, 532.46, 798.35, 722.75, 205.73, 48.26, 91.99, 268.40999999999997, 296.75, 178.32, 638.9499999999999, 696.8, 649.8100000000001, 561.01, 562.25, 562.64, 990.46, 875.45, 1016.03, 788.66, 838.4699999999999, 785.43, 846.75, 886.3299999999999, 934.0, 903.76, 860.29, 901.08, 541.17, 565.64, 550.29, 532.47, 594.85, 600.18, 947.0, 928.68, 933.91, 988.37, 940.71, 904.0600000000001, 861.4200000000001, 780.66, 789.93, 748.6, 799.22, 864.72
294.27, 22.36, 618.92, 783.27, 840.69, 601.92, 847.31, 749.07, 269.0, 117.88999999999999, 22.36, 278.06, 228.28, 165.3, 707.63, 766.37, 718.5200000000001, 630.6400000000001, 631.77, 632.13, 1030.37, 910.48, 1057.26, 825.63, 876.9799999999999, 816.93, 841.47, 888.42, 926.54, 904.32, 854.23, 895.29, 610.3299999999999, 634.99, 619.92, 601.9300000000001, 663.6700000000001, 668.8100000000001, 1001.59, 977.08, 988.0799999999999, 1038.73, 987.36, 949.93, 887.9200000000001, 801.54, 818.29, 772.0600000000001, 826.52, 884.6
407.43, 133.06, 597.79, 642.49, 709.33, 554.56, 717.78, 604.27, 322.32, 183.60999999999999, 167.36, 133.06, 314.69, 300.62, 690.7199999999999, 732.17, 701.11, 593.48, 602.67, 603.64, 891.1, 768.3000000000001, 919.0, 684.62, 736.91, 673.38, 711.4, 751.8, 798.7299999999999, 768.94, 724.96, 765.73, 557.75, 584.36, 581.3199999999999, 554.9, 605.0400000000001, 608.02, 881.01, 846.43, 866.74, 910.67, 854.52, 816.3, 743.1099999999999, 656.64, 673.81, 627.07, 681.84, 739.84
217.04, 124.26, 722.33, 826.18, 820.95, 701.91, 907.93, 775.93, 372.84000000000003, 220.75, 126.38, 323.49, 124.26, 242.28, 811.37, 868.67, 822.24, 732.26, 734.33, 734.7900000000001, 1076.26, 949.4, 1105.12, 867.92, 921.38, 851.49, 820.95, 878.14, 901.24, 891.22, 831.57, 872.58, 709.1, 734.4, 721.3, 701.91, 761.32, 765.9, 1071.09, 1036.3300000000002, 1056.91, 1100.97, 1043.81, 1005.33, 914.1400000000001, 820.39, 847.79, 794.8, 854.34, 901.15
294.11, 84.34, 596.03, 839.93, 919.96, 594.08, 891.08, 814.49, 248.39, 142.24, 103.32, 349.34000000000003, 282.2, 84.34, 681.5699999999999, 749.31, 692.61, 617.4100000000001, 614.65, 614.32, 1084.45, 969.12, 1109.99, 882.52, 932.42, 878.49, 920.97, 966.01, 1006.52, 982.41, 933.93, 974.96, 606.43, 628.67, 607.7099999999999, 594.33, 662.0300000000001, 668.52, 1037.22, 1021.52, 1024.3700000000001, 1080.56, 1033.99, 997.51, 953.27, 870.49, 882.27, 839.39, 891.28, 954.2
926.51, 639.7, 47.42, 777.06, 1154.51, 151.48, 688.6, 853.74, 644.1400000000001, 639.79, 682.57, 776.3599999999999, 888.21, 718.49, 47.42, 163.98000000000002, 58.52, 163.39999999999998, 179.83999999999997, 155.29, 960.42, 907.8000000000001, 970.03, 815.21, 843.26, 873.8299999999999, 1177.54, 1165.51, 1259.5900000000001, 1185.32, 1184.5, 1218.25, 232.13000000000002, 179.42000000000002, 170.29999999999998, 173.92000000000002, 245.01, 264.03999999999996, 751.99, 805.88, 745.93, 833.87, 838.05, 817.5, 971.54, 953.42, 896.15, 903.55, 911.63, 1030.19
960.63, 662.2, 82.76, 714.76, 1113.06, 106.44, 616.35, 799.21, 672.0, 662.3, 705.97, 782.47, 910.17, 750.89, 128.64, 82.76, 130.61, 142.32, 184.6, 160.39999999999998, 891.14, 843.82, 899.61, 751.96, 777.9499999999999, 816.13, 1139.96, 1121.6499999999999, 1219.24, 1140.86, 1144.84, 1177.16, 194.65, 125.27000000000001, 148.62, 135.89000000000001, 186.98, 206.36, 674.82, 731.52, 669.13, 757.52, 764.68, 745.52, 913.47, 902.23, 838.91, 851.09, 854.61, 976.86
932.8, 645.79, 52.2, 778.14, 1157.61, 153.12, 688.32, 855.65, 650.3199999999999, 645.87, 688.6800000000001, 781.97, 894.3, 724.75, 53.74, 161.17000000000002, 52.2, 166.36, 184.35, 159.63, 960.62, 908.69, 970.06, 816.18, 843.9799999999999, 875.42, 1180.92, 1168.4099999999999, 1262.78, 1188.1799999999998, 1187.73, 1221.38, 234.64000000000001, 180.4, 173.37, 176.16, 245.88, 264.99, 750.77, 805.25, 744.8, 832.85, 837.6, 817.28, 973.0999999999999, 955.65, 897.8, 905.66, 913.3000000000001, 1032.24
868.16, 565.81, 77.39, 663.02, 1034.44, 43.19, 586.76, 735.31, 578.1800000000001, 566.08, 609.8100000000001, 683.3499999999999, 813.33, 658.5600000000001, 167.63, 181.89, 175.37, 43.19, 102.91, 89.21000000000001, 853.21, 794.9200000000001, 864.42, 701.87, 731.74, 756.8199999999999, 1057.97, 1045.31, 1139.64, 1065.11, 1064.63, 1098.22, 112.78, 79.51, 50.459999999999994, 57.28999999999999, 141.10000000000002, 158.05, 662.14, 707.78, 654.91, 740.65, 737.75, 714.75, 854.56, 833.98, 778.8399999999999, 784.45, 794.19, 911.28
842.52, 544.21, 66.24, 686.77, 1045.27, 78.59, 616.88, 754.19, 553.64, 544.27, 587.89, 669.49, 792.35, 632.75, 161.01999999999998, 201.12, 170.31, 79.86, 66.24, 67.23, 880.9, 819.4, 892.83, 726.1, 757.1999999999999, 777.7099999999999, 1066.77, 1057.57, 1149.79, 1077.62, 1074.47, 1108.8, 136.92000000000002, 115.64, 78.8, 88.6, 175.24, 191.25, 695.52, 738.98, 688.04, 773.12, 768.24, 744.42, 875.3399999999999, 850.8199999999999, 799.29, 802.08, 814.46, 929.2
854.32, 556.78, 54.08, 693.7, 1056.03, 78.31, 620.78, 762.83, 565.77, 556.82, 600.41, 682.6199999999999, 804.97, 644.58, 148.63, 189.07999999999998, 157.75, 78.32, 79.39, 54.08, 886.12, 826.0500000000001, 897.6899999999999, 732.84, 763.4399999999999, 785.6899999999999, 1077.94, 1068.01, 1160.7, 1088.02, 1085.44, 1119.63, 142.70000000000002, 114.39, 80.61, 91.03999999999999, 176.15, 192.9, 697.1800000000001, 742.23, 689.9, 775.5, 771.93, 748.59, 883.3700000000001, 860.0699999999999, 807.43, 811.1, 822.66, 938.14
1164.51, 887.25, 801.71, 125.88, 567.03, 687.29, 156.97, 232.94, 994.31, 912.84, 926.85, 898.28, 1074.64, 1042.91, 881.9599999999999, 848.02, 886.94, 770.52, 821.26, 814.32, 125.88, 159.84, 165.16, 128.87, 125.97, 244.15, 650.85, 569.64, 672.56, 570.52, 616.62, 627.33, 706.64, 694.02, 760.23, 703.02, 688.82, 687.8100000000001, 364.0, 205.38, 346.32, 277.89, 185.66, 162.07, 270.86, 350.38, 235.04999999999998, 298.24, 243.48000000000002, 373.42
1093.57, 826.95, 803.86, 67.48, 480.65, 689.85, 207.53, 140.89, 944.8900000000001, 856.23, 865.36, 833.8800000000001, 1006.18, 985.98, 887.74, 859.1, 893.4100000000001, 770.6300000000001, 818.16, 812.6500000000001, 218.24, 67.48, 256.7, 68.92, 98.78, 156.71, 560.29, 482.11, 587.24, 485.62, 529.02, 541.9, 704.4399999999999, 698.64, 759.4699999999999, 703.38, 693.5300000000001, 692.02, 426.17, 280.49, 407.85, 357.2, 263.52, 230.36, 182.65, 258.07, 142.69, 205.94, 151.42000000000002, 284.4
1177.72, 897.55, 796.01, 142.14, 590.04, 681.74, 144.27, 254.59, 1001.6400000000001, 922.15, 937.48, 909.9200000000001, 1087.24, 1052.19, 875.31, 840.23, 880.12, 765.47, 816.9300000000001, 809.63, 148.9, 182.04000000000002, 142.14, 146.63, 142.35000000000002, 264.32, 673.72, 592.66, 695.53, 593.49, 639.64, 650.32, 702.3299999999999, 688.01, 755.41, 698.02, 682.89, 682.04, 346.25, 185.61, 328.81, 256.53, 165.69, 146.19, 293.83000000000004, 372.61, 257.12, 320.14, 265.91, 396.38
1059.69, 787.69, 757.03, 21.38, 497.1, 643.15, 180.45, 139.81, 901.94, 815.54, 826.61, 796.3, 970.8, 945.48, 841.25, 813.34, 847.0, 723.6800000000001, 770.96, 765.5400000000001, 233.37, 115.02000000000001, 267.39, 21.38, 79.93, 142.81, 568.68, 497.43, 604.8299999999999, 504.47, 543.44, 559.48, 657.35, 652.17, 712.4499999999999, 656.48, 647.11, 645.5600000000001, 400.67, 267.03, 382.24, 344.89, 253.9, 216.47, 205.20000000000002, 261.45, 148.74, 206.29000000000002, 162.0, 300.79999999999995
1087.04, 811.87, 759.54, 48.17, 523.01, 645.24, 158.4, 169.67, 922.6099999999999, 838.56, 851.17, 821.8, 997.47, 968.59, 842.51, 812.54, 848.01, 726.76, 775.27, 769.35, 203.68, 118.09, 236.32, 53.14, 48.17, 174.07999999999998, 597.3, 523.68, 630.3199999999999, 529.33, 570.13, 584.96, 661.12, 653.48, 715.8399999999999, 659.37, 648.2800000000001, 646.88, 377.96000000000004, 238.39, 359.58000000000004, 316.08000000000004, 223.98, 187.62, 227.08, 290.74, 176.38, 236.11, 188.44, 326.03999999999996
1001.03, 741.21, 773.63, 75.03, 423.56, 661.83, 254.87, 60.53, 867.22, 773.16, 778.76, 745.9100000000001, 915.22, 902.3000000000001, 860.7199999999999, 838.36, 867.09, 739.48, 783.42, 779.24, 309.5, 163.66000000000003, 345.92999999999995, 103.66, 161.72, 60.53, 489.58000000000004, 423.56, 531.98, 433.63, 468.11, 486.76, 672.17, 672.9, 727.5799999999999, 673.19, 668.59, 666.8100000000001, 474.16, 348.09, 455.76, 425.96, 335.89, 297.9, 158.27, 182.44, 83.57, 126.33000000000001, 99.47, 233.39
898.01, 751.5, 1046.2, 479.05, 85.48, 949.42, 658.68, 344.0, 941.1600000000001, 809.53, 778.35, 758.98, 859.73, 919.83, 1139.48, 1137.24, 1147.64, 1015.6800000000001, 1047.53, 1046.54, 691.25, 542.29, 730.38, 504.58, 559.99, 464.63, 85.48, 176.23000000000002, 174.49, 167.9, 99.26, 139.81, 951.71, 966.99, 1002.51, 955.52, 967.71, 966.21, 877.16, 750.05, 858.8299999999999, 827.84, 735.61, 699.33, 433.65000000000003, 344.03, 412.06, 344.28000000000003, 402.95, 371.2
971.6, 801.62, 1040.88, 416.62, 80.05, 938.65, 596.93, 283.28, 979.53, 854.54, 830.73, 804.81, 922.35, 970.3000000000001, 1132.88, 1124.36, 1140.56, 1008.45, 1043.76, 1042.04, 615.47, 469.54, 654.75, 438.76, 491.8, 404.03999999999996, 181.66000000000003, 80.05, 188.62, 100.58, 127.05, 143.57, 942.62, 954.32, 995.49, 946.1, 953.1800000000001, 951.45, 816.89, 681.5, 798.47, 758.77, 665.37, 630.83, 358.43, 284.98, 345.32, 285.71999999999997, 334.21000000000004, 296.62
1000.0, 868.42, 1159.76, 550.31, 54.42, 1060.61, 730.4, 417.42, 1060.6, 927.84, 894.48, 877.3699999999999, 971.08, 1036.44, 1252.5900000000001, 1247.58, 1260.56, 1128.41, 1161.61, 1160.36, 744.02, 600.3000000000001, 783.25, 571.79, 624.0699999999999, 538.09, 205.55, 214.25, 54.42, 158.36, 79.61, 55.44, 1063.58, 1077.31, 1115.3100000000002, 1067.29, 1077.1, 1075.47, 950.48, 813.06, 932.06, 890.01, 796.34, 762.55, 489.06, 419.15999999999997, 478.62, 419.92, 467.13, 428.65
1005.29, 842.72, 1085.49, 449.91, 55.36, 982.83, 629.43, 318.79, 1022.78, 896.66, 871.32, 846.6400000000001, 960.12, 1011.39, 1177.38, 1168.26, 1185.02, 1052.94, 1088.5, 1086.74, 641.04, 497.74, 680.27, 470.49, 522.14, 438.79999999999995, 198.02, 125.27, 157.42000000000002, 55.36, 111.37, 112.31, 986.98, 998.3100000000001, 1040.01, 990.42, 996.98, 995.23, 849.63, 710.65, 831.1999999999999, 787.46, 693.73, 660.23, 386.6, 322.20000000000005, 377.85, 322.56, 365.95, 327.07
960.5, 821.05, 1109.99, 512.94, 29.0, 1011.39, 693.4, 378.62, 1011.4200000000001, 879.55, 847.59, 829.02, 926.83, 989.27, 1202.92, 1198.6, 1210.93, 1078.8200000000002, 1111.71, 1110.52, 713.5, 567.5, 752.78, 535.82, 589.3, 499.64, 155.74, 178.1, 105.03, 137.73000000000002, 29.0, 70.1, 1014.18, 1028.31, 1065.7, 1017.92, 1028.34, 1026.74, 913.13, 779.1999999999999, 894.72, 856.55, 763.24, 728.49, 456.44, 379.33000000000004, 442.28000000000003, 380.17, 431.51, 394.46
997.27, 858.8, 1140.75, 527.18, 32.25, 1040.94, 707.24, 394.42, 1048.54, 917.09, 885.4, 866.54, 964.59, 1027.05, 1233.42, 1227.67, 1241.3300000000002, 1109.16, 1142.79, 1141.46, 720.96, 577.13, 760.21, 548.61, 600.88, 515.04, 193.04000000000002, 191.37, 77.61, 135.42000000000002, 66.85, 32.25, 1044.1000000000001, 1057.4299999999998, 1096.0900000000001, 1047.78, 1057.01, 1055.36, 927.33, 789.88, 908.91, 866.83, 773.17, 739.37, 465.89, 396.28999999999996, 455.46000000000004, 397.03000000000003, 443.95, 405.46
853.81, 543.91, 145.89, 595.4, 968.19, 44.27, 524.8, 666.81, 564.48, 545.16, 588.42, 646.54, 789.09, 646.5, 235.28000000000003, 233.14, 242.57, 111.7, 158.89, 152.51, 788.25, 727.65, 800.1999999999999, 634.46, 665.02, 688.43, 992.9200000000001, 978.4, 1073.73, 998.07, 998.91, 1032.08, 44.27, 70.91, 99.69999999999999, 48.11, 101.49000000000001, 111.47, 607.06, 647.5699999999999, 599.13, 683.07, 676.31, 652.1, 786.1500000000001, 765.6899999999999, 710.4, 716.04, 725.73, 842.83
902.38, 594.05, 127.12, 616.6, 1006.72, 18.87, 531.59, 695.95, 612.38, 595.03, 638.48, 698.55, 839.79, 694.14, 207.97000000000003, 189.16000000000003, 213.73000000000002, 103.83, 163.01, 149.6, 801.03, 747.25, 811.28, 654.68, 682.78, 714.56, 1033.6, 1015.5, 1112.8600000000001, 1034.8, 1038.44, 1070.81, 96.31, 18.87, 98.85, 49.28999999999999, 84.56, 103.49, 603.17, 651.1899999999999, 596.19, 682.58, 682.01, 660.07, 812.1800000000001, 797.64, 737.0999999999999, 746.95, 752.67, 873.12
861.36, 558.05, 86.61, 654.72, 1024.41, 40.16, 580.34, 726.11, 571.21, 558.39, 602.12, 674.22, 805.4, 651.89, 177.56, 191.22, 185.41000000000003, 53.489999999999995, 104.88, 94.53, 845.95, 786.79, 857.39, 693.67, 723.8499999999999, 747.9499999999999, 1047.83, 1035.38, 1129.5700000000002, 1055.21, 1054.54, 1088.18, 103.81, 77.56, 40.16, 50.620000000000005, 136.66, 152.92, 657.32, 701.8199999999999, 649.93, 735.31, 731.49, 708.16, 845.6800000000001, 824.51, 769.9, 775.08, 785.22, 901.95
870.73, 563.45, 117.18, 622.63, 999.63, 16.49, 546.3, 696.44, 580.56, 564.24, 607.8000000000001, 671.47, 809.68, 662.1800000000001, 204.85000000000002, 202.16000000000003, 211.87, 83.99, 138.35, 128.63, 812.41, 754.37, 823.67, 661.37, 691.05, 717.23, 1024.51, 1009.66, 1105.22, 1029.29, 1030.4299999999998, 1063.54, 75.89, 51.67, 74.28999999999999, 16.49, 103.66, 119.16, 623.4300000000001, 667.6899999999999, 615.98, 701.24, 697.41, 674.19, 814.96, 796.01, 739.38, 746.12, 754.79, 872.78
903.77, 592.35, 162.27, 581.41, 975.99, 49.09, 496.59, 662.03, 615.2, 594.02, 636.94, 689.01, 836.49, 697.2800000000001, 243.33999999999997, 220.64999999999998, 248.99, 135.2, 192.39, 181.14, 765.61, 711.9200000000001, 775.9399999999999, 619.4, 647.36, 680.03, 1004.1, 984.14, 1082.43, 1003.25, 1008.25, 1040.17, 96.67, 54.34, 127.72999999999999, 71.06, 49.09, 68.5, 570.14, 616.65, 562.92, 648.82, 647.18, 624.97, 777.5899999999999, 764.4599999999999, 702.65, 713.48, 718.26, 839.4399999999999
900.84, 588.67, 171.84, 571.03, 965.55, 57.87, 487.35, 651.41, 612.91, 590.5699999999999, 633.3000000000001, 683.21, 832.29, 694.99, 253.58999999999997, 231.25, 259.32, 143.37, 199.62, 189.11, 755.82, 701.63, 766.31, 609.07, 637.18, 669.47, 993.82, 973.63, 1072.02, 992.72, 997.87, 1029.74, 97.87, 64.49, 135.20999999999998, 77.78, 59.720000000000006, 57.87, 562.27, 607.8, 554.91, 640.49, 638.09, 615.62, 767.03, 753.8399999999999, 692.0699999999999, 702.85, 707.6800000000001, 828.81
1177.38, 870.91, 618.05, 290.17, 786.74, 509.0, 110.11, 424.58, 942.9100000000001, 885.15, 913.84, 903.96, 1085.24, 1011.45, 689.3, 647.47, 692.86, 595.22, 651.65, 641.1500000000001, 379.77, 383.54, 378.28, 311.94, 316.02000000000004, 424.58000000000004, 852.53, 786.8299999999999, 894.79, 794.88, 832.02, 849.47, 541.22, 511.93, 587.37, 529.8100000000001, 509.12, 510.03000000000003, 110.11, 183.53, 110.12, 194.5, 223.83, 221.33, 494.61, 546.39, 438.37, 490.1, 452.29, 591.27
1187.86, 892.44, 712.67, 208.31, 695.18, 600.22, 65.39, 341.41, 979.99, 911.55, 934.0500000000001, 914.0999999999999, 1095.2, 1040.47, 787.91, 748.89, 792.0600000000001, 685.5799999999999, 739.83, 730.9200000000001, 265.87, 282.58, 262.36, 223.01999999999998, 221.17000000000002, 343.23, 770.14, 696.16, 802.0899999999999, 700.62, 742.81, 756.74, 626.4499999999999, 604.67, 676.5899999999999, 618.79, 600.35, 600.28, 228.25, 65.39, 211.53, 143.27, 106.53, 114.62, 397.52, 463.08000000000004, 349.35, 407.88, 361.38, 498.27
1172.53, 866.7, 620.63, 280.96, 777.53, 511.05, 100.9, 415.39, 939.8299999999999, 881.27, 909.54, 898.9000000000001, 1080.27, 1007.8100000000001, 692.4499999999999, 650.99, 696.1, 597.2, 653.38, 643.08, 371.29999999999995, 374.43, 370.04999999999995, 302.71999999999997, 306.85, 415.39, 843.41, 777.62, 885.5799999999999, 785.66, 822.82, 840.26, 542.5, 514.16, 589.1899999999999, 531.57, 511.11, 511.88, 119.33, 176.01999999999998, 100.9, 189.72, 216.01, 212.74, 485.42, 537.22, 429.15000000000003, 480.93, 443.07, 582.05
1221.01, 922.06, 711.55, 254.49, 740.69, 600.91, 97.0, 387.68, 1004.5999999999999, 939.63, 964.09, 946.73, 1128.23, 1067.8999999999999, 784.29, 743.28, 788.0500000000001, 686.8399999999999, 742.36, 732.58, 306.77, 327.68, 301.66999999999996, 269.27, 267.25, 389.49, 816.32, 741.8199999999999, 847.43, 745.82, 788.55, 802.08, 630.34, 604.45, 678.4699999999999, 620.73, 600.9100000000001, 601.36, 207.61, 111.66, 193.62, 97.0, 148.84, 160.75, 442.8, 509.32000000000005, 395.46000000000004, 454.14, 407.36, 543.91
1184.44, 892.51, 733.08, 186.68, 668.14, 619.96, 76.0, 317.5, 984.24, 912.97, 933.72, 911.5799999999999, 1092.07, 1042.33, 809.4699999999999, 771.4399999999999, 813.8000000000001, 704.94, 758.48, 750.01, 235.54, 255.0, 231.82999999999998, 199.28, 196.14999999999998, 320.41999999999996, 745.09, 669.42, 774.76, 673.09, 716.24, 729.42, 644.5799999999999, 624.88, 695.65, 637.9, 620.27, 619.96, 257.94, 95.92, 240.91, 169.84, 76.0, 93.46000000000001, 370.16, 438.72, 324.14000000000004, 383.97, 335.6, 471.54
1157.2, 866.63, 722.56, 159.35, 645.35, 608.82, 64.62, 291.65, 960.4000000000001, 887.7, 907.67, 884.74, 1064.97, 1017.23, 800.3, 763.66, 804.86, 693.3199999999999, 746.04, 738.0500000000001, 223.32999999999998, 233.22000000000003, 223.70999999999998, 173.23, 171.17000000000002, 293.81, 720.19, 646.26, 752.3499999999999, 650.97, 692.87, 707.0, 631.75, 614.32, 683.6999999999999, 626.0600000000001, 609.44, 608.87, 266.82, 115.39, 249.02, 193.13, 104.84, 64.62, 347.90000000000003, 413.23, 299.36, 358.13, 311.39, 448.4
1049.81, 804.68, 862.47, 141.83, 367.44, 750.63, 315.29, 69.43, 939.8699999999999, 840.25, 840.85, 806.74, 968.97, 968.1800000000001, 949.53, 926.8, 955.87, 828.3199999999999, 872.15, 868.0200000000001, 327.31, 180.7, 366.53999999999996, 157.15, 205.82, 149.37, 449.70000000000005, 369.05, 474.05, 372.53000000000003, 416.01, 428.71, 760.99, 761.62, 816.41, 762.02, 757.25, 755.47, 535.29, 393.47999999999996, 516.89, 470.37, 376.73, 343.09000000000003, 69.43, 160.93, 83.83, 119.22, 72.6, 171.99
960.34, 728.19, 850.06, 196.16, 303.84, 742.13, 376.28, 61.03, 874.6700000000001, 767.89, 762.87, 728.6700000000001, 883.62, 893.8000000000001, 939.81, 923.96, 946.82, 816.1400000000001, 856.03, 853.12, 415.23, 264.52, 453.71999999999997, 221.79999999999998, 277.88, 181.94, 368.48, 304.0, 412.55, 316.53000000000003, 347.3, 367.51, 748.93, 755.48, 803.64, 751.47, 752.52, 750.68, 595.47, 467.44, 577.09, 545.29, 453.69, 416.82, 169.33, 61.03, 131.18, 61.88, 124.98, 145.82
1016.8, 765.66, 817.92, 110.44, 386.84, 706.41, 290.07, 38.29, 897.6299999999999, 799.9, 802.36, 768.5799999999999, 933.76, 928.32, 905.28, 883.38, 911.71, 783.74, 827.24, 823.22, 322.64, 171.88, 360.97, 131.83, 186.26, 105.81, 459.25, 387.08, 494.75, 394.92, 432.99, 449.42, 716.38, 717.68, 771.77, 717.58, 713.45, 711.65, 510.19, 376.45, 491.76, 454.17, 361.85, 325.69, 114.97, 153.92000000000002, 38.29, 101.69, 54.23, 191.83999999999997
965.15, 725.78, 828.45, 168.01, 332.42, 719.66, 347.9, 33.24, 867.51, 763.62, 761.1800000000001, 726.8900000000001, 885.8199999999999, 890.49, 917.7299999999999, 900.61, 924.62, 794.4000000000001, 835.08, 831.94, 390.88, 240.18, 429.03999999999996, 194.43, 251.04000000000002, 153.62, 396.52000000000004, 332.53, 441.1, 344.68, 375.93, 396.04, 727.0699999999999, 732.58, 782.0, 729.37, 729.33, 727.48, 566.97, 440.03, 548.59, 517.9, 426.73, 389.51, 155.41000000000003, 89.67, 106.74000000000001, 33.24, 103.56, 160.57999999999998
1021.27, 773.11, 832.21, 123.98, 374.49, 720.83, 302.84, 39.36, 907.06, 808.12, 809.52, 775.54, 939.24, 936.26, 919.6899999999999, 898.01, 926.1400000000001, 798.02, 841.34, 837.38, 330.0, 179.54000000000002, 368.69, 144.02, 197.25, 120.64, 449.07, 374.90000000000003, 482.19, 381.95, 421.15, 436.84, 730.64, 732.18, 786.02, 731.92, 727.99, 726.19, 523.04, 387.40999999999997, 504.61, 465.0, 372.24, 336.65, 102.67000000000002, 146.65, 53.16, 97.44, 39.36, 178.39999999999998
1010.5, 783.22, 899.18, 212.85, 286.37, 789.97, 391.78, 89.38, 931.0, 823.6, 817.58, 783.52, 936.03, 949.1600000000001, 988.2299999999999, 970.24, 995.0600000000001, 865.0899999999999, 906.0600000000001, 902.84, 409.92, 262.5, 449.14, 232.79999999999998, 284.83, 204.54, 367.3, 287.29, 393.69, 293.05, 334.08, 348.33, 797.72, 802.61, 852.73, 799.89, 799.15, 797.3, 612.0, 474.28, 593.57, 551.53, 458.16, 423.64, 152.04000000000002, 117.47, 140.75, 104.44, 128.38, 89.38
