% number of locations
50
% for each location: node, x, y
0, 0, 0
1, 514, 656
2, 369, 437
3, 849, 923
4, 268, 979
5, 648, 447
6, 125, 554
7, 462, 509
8, 514, 611
9, 489, 619
10, 586, 732
11, 488, 640
12, 481, 659
13, 513, 698
14, 402, 398
15, 353, 485
16, 356, 469
17, 344, 363
18, 275, 476
19, 346, 321
20, 811, 820
21, 792, 940
22, 877, 909
23, 848, 836
24, 840, 904
25, 917, 907
26, 227, 967
27, 350, 924
28, 190, 1000
29, 247, 980
30, 273, 980
31, 184, 972
32, 577, 416
33, 683, 483
34, 672, 441
35, 658, 504
36, 584, 436
37, 716, 429
38, 44, 450
39, 129, 548
40, 190, 583
41, 124, 585
42, 226, 559
43, 201, 600
44, 472, 465
45, 407, 548
46, 435, 451
47, 440, 452
48, 488, 448
49, 419, 445
% number of vessels
10
% number of vessel types
3
% for each vesseltype: vessel_id, battery range, operational cost, speed, passenger capacity, fixed cost
1, 1500, 3, 20, 12, 15000 
2, 2000, 6, 22, 17, 17500 
3, 2750, 11, 25, 25, 22500 
% number of charging stations
7
% for each charging station: node, x, y
1, 514, 656
2, 369, 437
3, 849, 923
4, 268, 979
5, 648, 447
6, 125, 554
7, 462, 509
% number of jobs
42
% for each job: node, crew needed
8, 1
9, 4
10, 4
11, 3
12, 4
13, 8
14, 4
15, 5
16, 5
17, 3
18, 1
19, 5
20, 3
21, 6
22, 1
23, 3
24, 6
25, 3
26, 8
27, 5
28, 9
29, 5
30, 4
31, 6
32, 3
33, 5
34, 4
35, 4
36, 7
37, 2
38, 6
39, 4
40, 1
41, 2
42, 7
43, 4
44, 4
45, 7
46, 4
47, 7
48, 3
49, 5
% number of nodes
84
% for each node: node, binary
8, 0
8, 1
9, 0
9, 1
10, 0
10, 1
11, 0
11, 1
12, 0
12, 1
13, 0
13, 1
14, 0
14, 1
15, 0
15, 1
16, 0
16, 1
17, 0
17, 1
18, 0
18, 1
19, 0
19, 1
20, 0
20, 1
21, 0
21, 1
22, 0
22, 1
23, 0
23, 1
24, 0
24, 1
25, 0
25, 1
26, 0
26, 1
27, 0
27, 1
28, 0
28, 1
29, 0
29, 1
30, 0
30, 1
31, 0
31, 1
32, 0
32, 1
33, 0
33, 1
34, 0
34, 1
35, 0
35, 1
36, 0
36, 1
37, 0
37, 1
38, 0
38, 1
39, 0
39, 1
40, 0
40, 1
41, 0
41, 1
42, 0
42, 1
43, 0
43, 1
44, 0
44, 1
45, 0
45, 1
46, 0
46, 1
47, 0
47, 1
48, 0
48, 1
49, 0
49, 1
% costs
% fixed penalty
5000
% penalty per crew
1000
% preprocessing
% PreferredCS 
(0, 0), (0, 0), (0, 0), (0, 0), (0, 0), (0, 0), (0, 0), (0, 0), (0, 0), (0, 0), (0, 0), (0, 0), (0, 0), (0, 0), (0, 0), (0, 0), (0, 0), (0, 0), (0, 0), (0, 0), (0, 0), (0, 0), (0, 0), (0, 0), (0, 0), (0, 0), (0, 0), (0, 0), (0, 0), (0, 0), (0, 0), (0, 0), (0, 0), (0, 0), (0, 0), (0, 0), (0, 0), (0, 0), (0, 0), (0, 0), (0, 0), (0, 0), (0, 0), (0, 0), (0, 0), (0, 0), (0, 0), (0, 0), (0, 0), (0, 0)
(1, 0), (1, 0), (1, 0), (1, 0), (1, 0), (1, 0), (1, 0), (1, 0), (1, 0), (1, 0), (1, 0), (1, 0), (1, 0), (1, 0), (1, 0), (1, 0), (1, 0), (1, 0), (1, 0), (1, 0), (1, 0), (1, 0), (1, 0), (1, 0), (1, 0), (1, 0), (1, 0), (1, 0), (1, 0), (1, 0), (1, 0), (1, 0), (1, 0), (1, 0), (1, 0), (1, 0), (1, 0), (1, 0), (1, 0), (1, 0), (1, 0), (1, 0), (1, 0), (1, 0), (1, 0), (1, 0), (1, 0), (1, 0), (1, 0), (1, 0)
(2, 0), (2, 0), (2, 0), (2, 0), (2, 0), (2, 0), (2, 0), (2, 0), (2, 0), (2, 0), (2, 0), (2, 0), (2, 0), (2, 0), (2, 0), (2, 0), (2, 0), (2, 0), (2, 0), (2, 0), (2, 0), (2, 0), (2, 0), (2, 0), (2, 0), (2, 0), (2, 0), (2, 0), (2, 0), (2, 0), (2, 0), (2, 0), (2, 0), (2, 0), (2, 0), (2, 0), (2, 0), (2, 0), (2, 0), (2, 0), (2, 0), (2, 0), (2, 0), (2, 0), (2, 0), (2, 0), (2, 0), (2, 0), (2, 0), (2, 0)
(3, 0), (3, 0), (3, 0), (3, 0), (3, 0), (3, 0), (3, 0), (3, 0), (3, 0), (3, 0), (3, 0), (3, 0), (3, 0), (3, 0), (3, 0), (3, 0), (3, 0), (3, 0), (3, 0), (3, 0), (3, 0), (3, 0), (3, 0), (3, 0), (3, 0), (3, 0), (3, 0), (3, 0), (3, 0), (3, 0), (3, 0), (3, 0), (3, 0), (3, 0), (3, 0), (3, 0), (3, 0), (3, 0), (3, 0), (3, 0), (3, 0), (3, 0), (3, 0), (3, 0), (3, 0), (3, 0), (3, 0), (3, 0), (3, 0), (3, 0)
(4, 0), (4, 0), (4, 0), (4, 0), (4, 0), (4, 0), (4, 0), (4, 0), (4, 0), (4, 0), (4, 0), (4, 0), (4, 0), (4, 0), (4, 0), (4, 0), (4, 0), (4, 0), (4, 0), (4, 0), (4, 0), (4, 0), (4, 0), (4, 0), (4, 0), (4, 0), (4, 0), (4, 0), (4, 0), (4, 0), (4, 0), (4, 0), (4, 0), (4, 0), (4, 0), (4, 0), (4, 0), (4, 0), (4, 0), (4, 0), (4, 0), (4, 0), (4, 0), (4, 0), (4, 0), (4, 0), (4, 0), (4, 0), (4, 0), (4, 0)
(5, 0), (5, 0), (5, 0), (5, 0), (5, 0), (5, 0), (5, 0), (5, 0), (5, 0), (5, 0), (5, 0), (5, 0), (5, 0), (5, 0), (5, 0), (5, 0), (5, 0), (5, 0), (5, 0), (5, 0), (5, 0), (5, 0), (5, 0), (5, 0), (5, 0), (5, 0), (5, 0), (5, 0), (5, 0), (5, 0), (5, 0), (5, 0), (5, 0), (5, 0), (5, 0), (5, 0), (5, 0), (5, 0), (5, 0), (5, 0), (5, 0), (5, 0), (5, 0), (5, 0), (5, 0), (5, 0), (5, 0), (5, 0), (5, 0), (5, 0)
(6, 0), (6, 0), (6, 0), (6, 0), (6, 0), (6, 0), (6, 0), (6, 0), (6, 0), (6, 0), (6, 0), (6, 0), (6, 0), (6, 0), (6, 0), (6, 0), (6, 0), (6, 0), (6, 0), (6, 0), (6, 0), (6, 0), (6, 0), (6, 0), (6, 0), (6, 0), (6, 0), (6, 0), (6, 0), (6, 0), (6, 0), (6, 0), (6, 0), (6, 0), (6, 0), (6, 0), (6, 0), (6, 0), (6, 0), (6, 0), (6, 0), (6, 0), (6, 0), (6, 0), (6, 0), (6, 0), (6, 0), (6, 0), (6, 0), (6, 0)
(7, 0), (7, 0), (7, 0), (7, 0), (7, 0), (7, 0), (7, 0), (7, 0), (7, 0), (7, 0), (7, 0), (7, 0), (7, 0), (7, 0), (7, 0), (7, 0), (7, 0), (7, 0), (7, 0), (7, 0), (7, 0), (7, 0), (7, 0), (7, 0), (7, 0), (7, 0), (7, 0), (7, 0), (7, 0), (7, 0), (7, 0), (7, 0), (7, 0), (7, 0), (7, 0), (7, 0), (7, 0), (7, 0), (7, 0), (7, 0), (7, 0), (7, 0), (7, 0), (7, 0), (7, 0), (7, 0), (7, 0), (7, 0), (7, 0), (7, 0)
(2, 226.5), (1, 45.0), (2, 226.5), (3, 457.79), (4, 442.65), (5, 211.78), (6, 393.15), (7, 114.49), (1, 45.0), (1, 45.0), (1, 45.0), (1, 45.0), (1, 45.0), (1, 45.0), (7, 114.49), (7, 114.49), (7, 114.49), (7, 114.49), (7, 114.49), (7, 114.49), (1, 45.0), (1, 45.0), (1, 45.0), (1, 45.0), (1, 45.0), (1, 45.0), (1, 45.0), (1, 45.0), (1, 45.0), (4, 442.65), (4, 442.65), (1, 45.0), (7, 114.49), (5, 211.78), (5, 211.78), (1, 45.0), (7, 114.49), (5, 211.78), (6, 393.15), (6, 393.15), (1, 45.0), (6, 393.15), (1, 45.0), (1, 45.0), (7, 114.49), (7, 114.49), (7, 114.49), (7, 114.49), (7, 114.49), (7, 114.49)
(2, 218.0), (1, 44.65), (2, 218.0), (3, 471.19), (4, 422.42), (5, 234.23), (6, 369.76), (7, 113.27), (1, 44.65), (1, 44.65), (1, 44.65), (1, 44.65), (1, 44.65), (1, 44.65), (7, 113.27), (7, 113.27), (7, 113.27), (2, 218.0), (7, 113.27), (7, 113.27), (1, 44.65), (1, 44.65), (1, 44.65), (1, 44.65), (1, 44.65), (1, 44.65), (4, 422.42), (1, 44.65), (4, 422.42), (4, 422.42), (4, 422.42), (1, 44.65), (7, 113.27), (5, 234.23), (5, 234.23), (1, 44.65), (7, 113.27), (5, 234.23), (6, 369.76), (6, 369.76), (1, 44.65), (6, 369.76), (1, 44.65), (1, 44.65), (7, 113.27), (7, 113.27), (7, 113.27), (7, 113.27), (7, 113.27), (7, 113.27)
(1, 104.69), (1, 104.69), (2, 366.22), (3, 325.04), (4, 402.66), (5, 291.67), (6, 494.17), (7, 255.16), (1, 104.69), (1, 104.69), (1, 104.69), (1, 104.69), (1, 104.69), (1, 104.69), (7, 255.16), (1, 104.69), (1, 104.69), (7, 255.16), (1, 104.69), (7, 255.16), (3, 325.04), (3, 325.04), (3, 325.04), (3, 325.04), (3, 325.04), (3, 325.04), (4, 402.66), (1, 104.69), (4, 402.66), (4, 402.66), (4, 402.66), (4, 402.66), (1, 104.69), (5, 291.67), (5, 291.67), (1, 104.69), (1, 104.69), (5, 291.67), (1, 104.69), (6, 494.17), (1, 104.69), (1, 104.69), (1, 104.69), (1, 104.69), (1, 104.69), (1, 104.69), (7, 255.16), (7, 255.16), (1, 104.69), (7, 255.16)
(2, 235.31), (1, 30.53), (2, 235.31), (3, 458.7), (4, 404.13), (5, 250.7), (6, 373.05), (7, 133.56), (1, 30.53), (1, 30.53), (1, 30.53), (1, 30.53), (1, 30.53), (1, 30.53), (7, 133.56), (7, 133.56), (7, 133.56), (2, 235.31), (7, 133.56), (2, 235.31), (1, 30.53), (1, 30.53), (1, 30.53), (1, 30.53), (1, 30.53), (1, 30.53), (4, 404.13), (1, 30.53), (4, 404.13), (4, 404.13), (4, 404.13), (1, 30.53), (1, 30.53), (1, 30.53), (5, 250.7), (1, 30.53), (1, 30.53), (5, 250.7), (6, 373.05), (6, 373.05), (1, 30.53), (6, 373.05), (1, 30.53), (1, 30.53), (7, 133.56), (1, 30.53), (7, 133.56), (7, 133.56), (7, 133.56), (7, 133.56)
(2, 248.65), (1, 33.14), (2, 248.65), (3, 452.9), (4, 384.41), (5, 269.88), (6, 371.16), (7, 151.2), (1, 33.14), (1, 33.14), (1, 33.14), (1, 33.14), (1, 33.14), (1, 33.14), (7, 151.2), (7, 151.2), (7, 151.2), (2, 248.65), (1, 33.14), (2, 248.65), (1, 33.14), (1, 33.14), (1, 33.14), (1, 33.14), (1, 33.14), (1, 33.14), (4, 384.41), (1, 33.14), (4, 384.41), (4, 384.41), (4, 384.41), (4, 384.41), (1, 33.14), (1, 33.14), (5, 269.88), (1, 33.14), (1, 33.14), (1, 33.14), (6, 371.16), (6, 371.16), (1, 33.14), (6, 371.16), (1, 33.14), (1, 33.14), (7, 151.2), (1, 33.14), (7, 151.2), (7, 151.2), (7, 151.2), (7, 151.2)
(2, 298.09), (1, 42.01), (2, 298.09), (3, 404.38), (4, 372.81), (5, 285.0), (6, 413.86), (7, 195.76), (1, 42.01), (1, 42.01), (1, 42.01), (1, 42.01), (1, 42.01), (1, 42.01), (7, 195.76), (1, 42.01), (1, 42.01), (2, 298.09), (1, 42.01), (2, 298.09), (1, 42.01), (1, 42.01), (3, 404.38), (1, 42.01), (3, 404.38), (3, 404.38), (4, 372.81), (1, 42.01), (4, 372.81), (4, 372.81), (4, 372.81), (4, 372.81), (1, 42.01), (1, 42.01), (1, 42.01), (1, 42.01), (1, 42.01), (1, 42.01), (6, 413.86), (6, 413.86), (1, 42.01), (1, 42.01), (1, 42.01), (1, 42.01), (1, 42.01), (1, 42.01), (7, 195.76), (7, 195.76), (1, 42.01), (7, 195.76)
(2, 51.09), (1, 281.26), (2, 51.09), (3, 689.52), (4, 596.25), (5, 250.83), (6, 317.91), (7, 126.18), (7, 126.18), (7, 126.18), (7, 126.18), (7, 126.18), (7, 126.18), (7, 126.18), (2, 51.09), (2, 51.09), (2, 51.09), (2, 51.09), (2, 51.09), (2, 51.09), (7, 126.18), (7, 126.18), (7, 126.18), (7, 126.18), (7, 126.18), (7, 126.18), (2, 51.09), (2, 51.09), (2, 51.09), (2, 51.09), (4, 596.25), (2, 51.09), (2, 51.09), (5, 250.83), (5, 250.83), (5, 250.83), (2, 51.09), (5, 250.83), (2, 51.09), (2, 51.09), (2, 51.09), (2, 51.09), (2, 51.09), (2, 51.09), (2, 51.09), (2, 51.09), (2, 51.09), (2, 51.09), (2, 51.09), (2, 51.09)
(2, 50.6), (1, 234.87), (2, 50.6), (3, 661.71), (4, 501.26), (5, 297.44), (6, 238.21), (7, 111.61), (7, 111.61), (7, 111.61), (1, 234.87), (7, 111.61), (7, 111.61), (1, 234.87), (2, 50.6), (2, 50.6), (2, 50.6), (2, 50.6), (2, 50.6), (2, 50.6), (1, 234.87), (1, 234.87), (1, 234.87), (1, 234.87), (1, 234.87), (1, 234.87), (4, 501.26), (2, 50.6), (4, 501.26), (4, 501.26), (4, 501.26), (4, 501.26), (7, 111.61), (7, 111.61), (5, 297.44), (7, 111.61), (7, 111.61), (5, 297.44), (6, 238.21), (6, 238.21), (2, 50.6), (6, 238.21), (2, 50.6), (2, 50.6), (7, 111.61), (2, 50.6), (2, 50.6), (2, 50.6), (2, 50.6), (2, 50.6)
(2, 34.54), (1, 244.81), (2, 34.54), (3, 670.2), (4, 517.54), (5, 292.83), (6, 246.14), (7, 113.3), (7, 113.3), (7, 113.3), (1, 244.81), (7, 113.3), (7, 113.3), (1, 244.81), (2, 34.54), (2, 34.54), (2, 34.54), (2, 34.54), (2, 34.54), (2, 34.54), (7, 113.3), (1, 244.81), (1, 244.81), (7, 113.3), (1, 244.81), (7, 113.3), (4, 517.54), (2, 34.54), (4, 517.54), (4, 517.54), (4, 517.54), (2, 34.54), (2, 34.54), (7, 113.3), (5, 292.83), (7, 113.3), (2, 34.54), (5, 292.83), (2, 34.54), (6, 246.14), (2, 34.54), (6, 246.14), (2, 34.54), (2, 34.54), (2, 34.54), (2, 34.54), (2, 34.54), (2, 34.54), (2, 34.54), (2, 34.54)
(2, 78.11), (1, 338.75), (2, 78.11), (3, 754.07), (4, 620.67), (5, 315.39), (6, 290.59), (7, 187.72), (7, 187.72), (2, 78.11), (7, 187.72), (2, 78.11), (2, 78.11), (2, 78.11), (2, 78.11), (2, 78.11), (2, 78.11), (2, 78.11), (2, 78.11), (2, 78.11), (7, 187.72), (7, 187.72), (7, 187.72), (7, 187.72), (7, 187.72), (7, 187.72), (2, 78.11), (2, 78.11), (2, 78.11), (2, 78.11), (4, 620.67), (2, 78.11), (2, 78.11), (5, 315.39), (5, 315.39), (5, 315.39), (2, 78.11), (5, 315.39), (2, 78.11), (6, 290.59), (2, 78.11), (6, 290.59), (2, 78.11), (2, 78.11), (2, 78.11), (2, 78.11), (2, 78.11), (2, 78.11), (2, 78.11), (2, 78.11)
(2, 101.77), (1, 299.2), (2, 101.77), (3, 727.52), (4, 503.05), (5, 374.13), (6, 169.07), (7, 189.89), (7, 189.89), (7, 189.89), (1, 299.2), (7, 189.89), (1, 299.2), (1, 299.2), (2, 101.77), (2, 101.77), (2, 101.77), (2, 101.77), (2, 101.77), (2, 101.77), (1, 299.2), (1, 299.2), (1, 299.2), (1, 299.2), (1, 299.2), (1, 299.2), (4, 503.05), (2, 101.77), (4, 503.05), (4, 503.05), (4, 503.05), (4, 503.05), (2, 101.77), (7, 189.89), (5, 374.13), (7, 189.89), (2, 101.77), (5, 374.13), (6, 169.07), (6, 169.07), (6, 169.07), (6, 169.07), (6, 169.07), (6, 169.07), (2, 101.77), (2, 101.77), (2, 101.77), (2, 101.77), (2, 101.77), (2, 101.77)
(2, 118.26), (1, 374.77), (2, 118.26), (3, 784.48), (4, 662.61), (5, 327.23), (6, 321.14), (7, 220.91), (7, 220.91), (7, 220.91), (7, 220.91), (2, 118.26), (2, 118.26), (2, 118.26), (2, 118.26), (2, 118.26), (2, 118.26), (2, 118.26), (2, 118.26), (2, 118.26), (7, 220.91), (7, 220.91), (7, 220.91), (7, 220.91), (7, 220.91), (7, 220.91), (2, 118.26), (2, 118.26), (2, 118.26), (2, 118.26), (4, 662.61), (2, 118.26), (2, 118.26), (5, 327.23), (5, 327.23), (5, 327.23), (2, 118.26), (5, 327.23), (2, 118.26), (6, 321.14), (2, 118.26), (6, 321.14), (2, 118.26), (2, 118.26), (2, 118.26), (2, 118.26), (2, 118.26), (2, 118.26), (2, 118.26), (2, 118.26)
(7, 467.46), (1, 339.27), (2, 584.85), (3, 109.79), (4, 565.8), (5, 407.06), (6, 735.77), (7, 467.46), (1, 339.27), (1, 339.27), (3, 109.79), (1, 339.27), (1, 339.27), (1, 339.27), (7, 467.46), (1, 339.27), (7, 467.46), (7, 467.46), (1, 339.27), (7, 467.46), (3, 109.79), (3, 109.79), (3, 109.79), (3, 109.79), (3, 109.79), (3, 109.79), (4, 565.8), (3, 109.79), (4, 565.8), (4, 565.8), (4, 565.8), (4, 565.8), (5, 407.06), (5, 407.06), (5, 407.06), (5, 407.06), (5, 407.06), (5, 407.06), (1, 339.27), (1, 339.27), (1, 339.27), (1, 339.27), (1, 339.27), (1, 339.27), (7, 467.46), (1, 339.27), (7, 467.46), (7, 467.46), (7, 467.46), (7, 467.46)
(2, 657.22), (1, 397.42), (2, 657.22), (3, 59.48), (4, 525.45), (5, 513.6), (6, 770.64), (7, 542.83), (1, 397.42), (1, 397.42), (3, 59.48), (1, 397.42), (1, 397.42), (1, 397.42), (7, 542.83), (1, 397.42), (1, 397.42), (7, 542.83), (1, 397.42), (7, 542.83), (3, 59.48), (3, 59.48), (3, 59.48), (3, 59.48), (3, 59.48), (3, 59.48), (4, 525.45), (3, 59.48), (4, 525.45), (4, 525.45), (4, 525.45), (4, 525.45), (5, 513.6), (3, 59.48), (5, 513.6), (3, 59.48), (5, 513.6), (3, 59.48), (6, 770.64), (6, 770.64), (1, 397.42), (1, 397.42), (1, 397.42), (1, 397.42), (7, 542.83), (1, 397.42), (7, 542.83), (7, 542.83), (1, 397.42), (7, 542.83)
(7, 576.39), (1, 442.47), (2, 693.43), (3, 31.3), (4, 613.01), (5, 515.64), (6, 831.58), (7, 576.39), (1, 442.47), (1, 442.47), (3, 31.3), (1, 442.47), (1, 442.47), (3, 31.3), (7, 576.39), (1, 442.47), (1, 442.47), (7, 576.39), (1, 442.47), (7, 576.39), (3, 31.3), (3, 31.3), (3, 31.3), (3, 31.3), (3, 31.3), (3, 31.3), (3, 31.3), (3, 31.3), (4, 613.01), (4, 613.01), (3, 31.3), (4, 613.01), (5, 515.64), (3, 31.3), (5, 515.64), (3, 31.3), (5, 515.64), (3, 31.3), (1, 442.47), (6, 831.58), (3, 31.3), (3, 31.3), (1, 442.47), (3, 31.3), (7, 576.39), (1, 442.47), (7, 576.39), (7, 576.39), (3, 31.3), (7, 576.39)
(7, 505.89), (1, 379.42), (2, 623.41), (3, 87.01), (4, 597.37), (5, 437.4), (6, 776.05), (7, 505.89), (1, 379.42), (1, 379.42), (3, 87.01), (1, 379.42), (1, 379.42), (1, 379.42), (7, 505.89), (1, 379.42), (7, 505.89), (7, 505.89), (1, 379.42), (7, 505.89), (3, 87.01), (3, 87.01), (3, 87.01), (3, 87.01), (3, 87.01), (3, 87.01), (4, 597.37), (3, 87.01), (4, 597.37), (4, 597.37), (4, 597.37), (4, 597.37), (5, 437.4), (5, 437.4), (5, 437.4), (5, 437.4), (5, 437.4), (5, 437.4), (1, 379.42), (1, 379.42), (1, 379.42), (1, 379.42), (1, 379.42), (1, 379.42), (7, 505.89), (1, 379.42), (7, 505.89), (7, 505.89), (7, 505.89), (7, 505.89)
(7, 546.73), (1, 409.61), (2, 663.27), (3, 21.02), (4, 576.9), (5, 495.69), (6, 796.07), (7, 546.73), (1, 409.61), (1, 409.61), (3, 21.02), (1, 409.61), (1, 409.61), (3, 21.02), (7, 546.73), (1, 409.61), (1, 409.61), (7, 546.73), (1, 409.61), (7, 546.73), (3, 21.02), (3, 21.02), (3, 21.02), (3, 21.02), (3, 21.02), (3, 21.02), (4, 576.9), (3, 21.02), (4, 576.9), (4, 576.9), (4, 576.9), (4, 576.9), (5, 495.69), (3, 21.02), (5, 495.69), (3, 21.02), (5, 495.69), (3, 21.02), (1, 409.61), (6, 796.07), (1, 409.61), (1, 409.61), (1, 409.61), (1, 409.61), (7, 546.73), (1, 409.61), (7, 546.73), (7, 546.73), (7, 546.73), (7, 546.73)
(7, 604.51), (1, 474.77), (2, 721.94), (3, 69.86), (4, 652.98), (5, 532.88), (6, 867.11), (7, 604.51), (1, 474.77), (1, 474.77), (3, 69.86), (1, 474.77), (1, 474.77), (3, 69.86), (7, 604.51), (1, 474.77), (7, 604.51), (7, 604.51), (1, 474.77), (7, 604.51), (3, 69.86), (3, 69.86), (3, 69.86), (3, 69.86), (3, 69.86), (3, 69.86), (3, 69.86), (3, 69.86), (3, 69.86), (4, 652.98), (3, 69.86), (3, 69.86), (5, 532.88), (3, 69.86), (5, 532.88), (3, 69.86), (5, 532.88), (3, 69.86), (1, 474.77), (6, 867.11), (1, 474.77), (3, 69.86), (1, 474.77), (1, 474.77), (7, 604.51), (1, 474.77), (7, 604.51), (7, 604.51), (3, 69.86), (7, 604.51)
(6, 425.41), (1, 423.19), (2, 548.69), (3, 623.55), (4, 42.72), (5, 669.06), (6, 425.41), (7, 514.77), (1, 423.19), (4, 42.72), (4, 42.72), (4, 42.72), (4, 42.72), (4, 42.72), (2, 548.69), (4, 42.72), (4, 42.72), (2, 548.69), (4, 42.72), (2, 548.69), (4, 42.72), (4, 42.72), (3, 623.55), (4, 42.72), (4, 42.72), (3, 623.55), (4, 42.72), (4, 42.72), (4, 42.72), (4, 42.72), (4, 42.72), (4, 42.72), (7, 514.77), (1, 423.19), (1, 423.19), (1, 423.19), (1, 423.19), (1, 423.19), (6, 425.41), (6, 425.41), (4, 42.72), (6, 425.41), (4, 42.72), (4, 42.72), (7, 514.77), (4, 42.72), (7, 514.77), (7, 514.77), (7, 514.77), (7, 514.77)
(6, 433.04), (1, 314.2), (2, 487.37), (3, 499.0), (4, 98.74), (5, 562.43), (6, 433.04), (7, 429.85), (1, 314.2), (1, 314.2), (1, 314.2), (1, 314.2), (1, 314.2), (1, 314.2), (2, 487.37), (2, 487.37), (2, 487.37), (2, 487.37), (2, 487.37), (2, 487.37), (3, 499.0), (3, 499.0), (3, 499.0), (3, 499.0), (3, 499.0), (3, 499.0), (4, 98.74), (4, 98.74), (4, 98.74), (4, 98.74), (4, 98.74), (4, 98.74), (1, 314.2), (1, 314.2), (1, 314.2), (1, 314.2), (1, 314.2), (1, 314.2), (6, 433.04), (6, 433.04), (4, 98.74), (6, 433.04), (4, 98.74), (4, 98.74), (7, 429.85), (1, 314.2), (7, 429.85), (7, 429.85), (7, 429.85), (7, 429.85)
(6, 450.71), (1, 472.56), (2, 590.77), (3, 663.48), (4, 80.78), (5, 718.03), (6, 450.71), (7, 561.31), (1, 472.56), (4, 80.78), (4, 80.78), (4, 80.78), (4, 80.78), (4, 80.78), (2, 590.77), (4, 80.78), (4, 80.78), (2, 590.77), (4, 80.78), (2, 590.77), (4, 80.78), (4, 80.78), (4, 80.78), (4, 80.78), (4, 80.78), (3, 663.48), (4, 80.78), (4, 80.78), (4, 80.78), (4, 80.78), (4, 80.78), (4, 80.78), (7, 561.31), (1, 472.56), (1, 472.56), (1, 472.56), (1, 472.56), (1, 472.56), (6, 450.71), (6, 450.71), (4, 80.78), (6, 450.71), (4, 80.78), (4, 80.78), (7, 561.31), (4, 80.78), (7, 561.31), (7, 561.31), (7, 561.31), (4, 80.78)
(6, 443.13), (1, 419.84), (2, 556.54), (3, 604.69), (4, 21.02), (5, 667.0), (6, 443.13), (7, 517.75), (4, 21.02), (4, 21.02), (4, 21.02), (4, 21.02), (4, 21.02), (4, 21.02), (2, 556.54), (4, 21.02), (4, 21.02), (2, 556.54), (4, 21.02), (2, 556.54), (4, 21.02), (4, 21.02), (4, 21.02), (4, 21.02), (4, 21.02), (4, 21.02), (4, 21.02), (4, 21.02), (4, 21.02), (4, 21.02), (4, 21.02), (4, 21.02), (4, 21.02), (1, 419.84), (1, 419.84), (1, 419.84), (4, 21.02), (1, 419.84), (6, 443.13), (6, 443.13), (4, 21.02), (4, 21.02), (4, 21.02), (4, 21.02), (7, 517.75), (4, 21.02), (4, 21.02), (4, 21.02), (7, 517.75), (4, 21.02)
(6, 450.98), (1, 403.8), (2, 551.42), (3, 578.81), (4, 5.1), (5, 651.7), (6, 450.98), (7, 507.51), (4, 5.1), (4, 5.1), (4, 5.1), (4, 5.1), (4, 5.1), (4, 5.1), (4, 5.1), (4, 5.1), (4, 5.1), (4, 5.1), (4, 5.1), (4, 5.1), (4, 5.1), (4, 5.1), (3, 578.81), (4, 5.1), (4, 5.1), (3, 578.81), (4, 5.1), (4, 5.1), (4, 5.1), (4, 5.1), (4, 5.1), (4, 5.1), (4, 5.1), (1, 403.8), (1, 403.8), (1, 403.8), (4, 5.1), (1, 403.8), (4, 5.1), (4, 5.1), (4, 5.1), (4, 5.1), (4, 5.1), (4, 5.1), (7, 507.51), (4, 5.1), (4, 5.1), (4, 5.1), (7, 507.51), (4, 5.1)
(6, 422.14), (1, 456.9), (2, 566.08), (3, 666.8), (4, 84.29), (5, 700.66), (6, 422.14), (7, 540.05), (1, 456.9), (1, 456.9), (4, 84.29), (1, 456.9), (4, 84.29), (4, 84.29), (2, 566.08), (4, 84.29), (2, 566.08), (2, 566.08), (4, 84.29), (2, 566.08), (4, 84.29), (4, 84.29), (4, 84.29), (4, 84.29), (4, 84.29), (3, 666.8), (4, 84.29), (4, 84.29), (4, 84.29), (4, 84.29), (4, 84.29), (4, 84.29), (7, 540.05), (1, 456.9), (1, 456.9), (1, 456.9), (7, 540.05), (1, 456.9), (6, 422.14), (6, 422.14), (4, 84.29), (6, 422.14), (4, 84.29), (4, 84.29), (7, 540.05), (4, 84.29), (7, 540.05), (7, 540.05), (7, 540.05), (2, 566.08)
(2, 209.06), (1, 248.13), (2, 209.06), (3, 575.35), (4, 642.22), (5, 77.47), (6, 472.6), (7, 147.9), (7, 147.9), (7, 147.9), (1, 248.13), (1, 248.13), (1, 248.13), (1, 248.13), (2, 209.06), (7, 147.9), (2, 209.06), (2, 209.06), (2, 209.06), (2, 209.06), (5, 77.47), (5, 77.47), (5, 77.47), (5, 77.47), (5, 77.47), (5, 77.47), (7, 147.9), (1, 248.13), (7, 147.9), (4, 642.22), (4, 642.22), (7, 147.9), (5, 77.47), (5, 77.47), (5, 77.47), (5, 77.47), (5, 77.47), (5, 77.47), (2, 209.06), (2, 209.06), (7, 147.9), (7, 147.9), (7, 147.9), (7, 147.9), (7, 147.9), (7, 147.9), (7, 147.9), (7, 147.9), (7, 147.9), (7, 147.9)
(5, 50.21), (1, 241.85), (2, 317.35), (3, 470.27), (4, 646.72), (5, 50.21), (6, 562.5), (7, 222.52), (5, 50.21), (5, 50.21), (5, 50.21), (1, 241.85), (1, 241.85), (1, 241.85), (5, 50.21), (7, 222.52), (7, 222.52), (5, 50.21), (7, 222.52), (5, 50.21), (5, 50.21), (3, 470.27), (3, 470.27), (5, 50.21), (3, 470.27), (3, 470.27), (1, 241.85), (1, 241.85), (1, 241.85), (1, 241.85), (1, 241.85), (1, 241.85), (5, 50.21), (5, 50.21), (5, 50.21), (5, 50.21), (5, 50.21), (5, 50.21), (2, 317.35), (7, 222.52), (7, 222.52), (7, 222.52), (7, 222.52), (7, 222.52), (5, 50.21), (7, 222.52), (5, 50.21), (5, 50.21), (5, 50.21), (5, 50.21)
(5, 24.74), (1, 266.81), (2, 303.03), (3, 513.47), (4, 672.8), (5, 24.74), (6, 558.55), (7, 220.74), (5, 24.74), (5, 24.74), (5, 24.74), (5, 24.74), (5, 24.74), (1, 266.81), (5, 24.74), (5, 24.74), (5, 24.74), (5, 24.74), (5, 24.74), (5, 24.74), (5, 24.74), (5, 24.74), (5, 24.74), (5, 24.74), (5, 24.74), (5, 24.74), (1, 266.81), (1, 266.81), (1, 266.81), (1, 266.81), (1, 266.81), (1, 266.81), (5, 24.74), (5, 24.74), (5, 24.74), (5, 24.74), (5, 24.74), (5, 24.74), (2, 303.03), (5, 24.74), (5, 24.74), (5, 24.74), (5, 24.74), (7, 220.74), (5, 24.74), (5, 24.74), (5, 24.74), (5, 24.74), (5, 24.74), (5, 24.74)
(5, 57.87), (1, 209.38), (2, 296.66), (3, 460.48), (4, 614.59), (5, 57.87), (6, 535.34), (7, 196.06), (1, 209.38), (1, 209.38), (1, 209.38), (1, 209.38), (1, 209.38), (1, 209.38), (5, 57.87), (7, 196.06), (7, 196.06), (5, 57.87), (7, 196.06), (5, 57.87), (5, 57.87), (3, 460.48), (3, 460.48), (5, 57.87), (3, 460.48), (3, 460.48), (1, 209.38), (1, 209.38), (1, 209.38), (1, 209.38), (1, 209.38), (1, 209.38), (5, 57.87), (5, 57.87), (5, 57.87), (5, 57.87), (5, 57.87), (5, 57.87), (7, 196.06), (7, 196.06), (7, 196.06), (7, 196.06), (7, 196.06), (7, 196.06), (5, 57.87), (7, 196.06), (7, 196.06), (7, 196.06), (5, 57.87), (7, 196.06)
(2, 215.0), (1, 230.87), (2, 215.0), (3, 554.43), (4, 628.26), (5, 64.94), (6, 473.93), (7, 142.17), (7, 142.17), (7, 142.17), (1, 230.87), (1, 230.87), (1, 230.87), (1, 230.87), (2, 215.0), (7, 142.17), (2, 215.0), (2, 215.0), (2, 215.0), (2, 215.0), (5, 64.94), (5, 64.94), (5, 64.94), (5, 64.94), (5, 64.94), (5, 64.94), (1, 230.87), (1, 230.87), (1, 230.87), (4, 628.26), (4, 628.26), (7, 142.17), (5, 64.94), (5, 64.94), (5, 64.94), (5, 64.94), (5, 64.94), (5, 64.94), (2, 215.0), (7, 142.17), (7, 142.17), (7, 142.17), (7, 142.17), (7, 142.17), (7, 142.17), (7, 142.17), (7, 142.17), (7, 142.17), (7, 142.17), (7, 142.17)
(5, 70.34), (1, 303.86), (2, 347.09), (3, 511.59), (4, 709.37), (5, 70.34), (6, 604.07), (7, 266.3), (5, 70.34), (5, 70.34), (5, 70.34), (5, 70.34), (1, 303.86), (1, 303.86), (5, 70.34), (5, 70.34), (5, 70.34), (5, 70.34), (5, 70.34), (5, 70.34), (5, 70.34), (3, 511.59), (3, 511.59), (5, 70.34), (3, 511.59), (3, 511.59), (1, 303.86), (1, 303.86), (1, 303.86), (1, 303.86), (1, 303.86), (1, 303.86), (5, 70.34), (5, 70.34), (5, 70.34), (5, 70.34), (5, 70.34), (5, 70.34), (2, 347.09), (5, 70.34), (5, 70.34), (5, 70.34), (5, 70.34), (7, 266.3), (5, 70.34), (5, 70.34), (5, 70.34), (5, 70.34), (5, 70.34), (5, 70.34)
(6, 131.82), (1, 513.16), (2, 325.26), (3, 933.68), (4, 574.47), (5, 604.01), (6, 131.82), (7, 422.14), (6, 131.82), (6, 131.82), (1, 513.16), (6, 131.82), (6, 131.82), (6, 131.82), (2, 325.26), (6, 131.82), (2, 325.26), (2, 325.26), (6, 131.82), (2, 325.26), (1, 513.16), (6, 131.82), (1, 513.16), (1, 513.16), (1, 513.16), (1, 513.16), (6, 131.82), (6, 131.82), (6, 131.82), (6, 131.82), (4, 574.47), (6, 131.82), (2, 325.26), (2, 325.26), (2, 325.26), (7, 422.14), (2, 325.26), (2, 325.26), (6, 131.82), (6, 131.82), (6, 131.82), (6, 131.82), (6, 131.82), (6, 131.82), (2, 325.26), (6, 131.82), (2, 325.26), (2, 325.26), (2, 325.26), (2, 325.26)
(6, 7.21), (1, 399.86), (2, 264.43), (3, 811.8), (4, 452.86), (5, 528.74), (6, 7.21), (7, 335.28), (6, 7.21), (6, 7.21), (6, 7.21), (6, 7.21), (6, 7.21), (6, 7.21), (2, 264.43), (6, 7.21), (6, 7.21), (6, 7.21), (6, 7.21), (6, 7.21), (1, 399.86), (6, 7.21), (6, 7.21), (1, 399.86), (6, 7.21), (6, 7.21), (6, 7.21), (6, 7.21), (6, 7.21), (6, 7.21), (4, 452.86), (6, 7.21), (2, 264.43), (7, 335.28), (5, 528.74), (7, 335.28), (7, 335.28), (5, 528.74), (6, 7.21), (6, 7.21), (6, 7.21), (6, 7.21), (6, 7.21), (6, 7.21), (6, 7.21), (6, 7.21), (2, 264.43), (2, 264.43), (2, 264.43), (2, 264.43)
(6, 71.18), (1, 332.12), (2, 230.99), (3, 741.54), (4, 403.61), (5, 477.77), (6, 71.18), (7, 281.89), (1, 332.12), (1, 332.12), (1, 332.12), (1, 332.12), (1, 332.12), (1, 332.12), (2, 230.99), (2, 230.99), (2, 230.99), (2, 230.99), (6, 71.18), (2, 230.99), (1, 332.12), (1, 332.12), (3, 741.54), (1, 332.12), (1, 332.12), (1, 332.12), (4, 403.61), (4, 403.61), (4, 403.61), (4, 403.61), (4, 403.61), (4, 403.61), (7, 281.89), (7, 281.89), (5, 477.77), (7, 281.89), (7, 281.89), (5, 477.77), (6, 71.18), (6, 71.18), (6, 71.18), (6, 71.18), (6, 71.18), (6, 71.18), (7, 281.89), (2, 230.99), (2, 230.99), (2, 230.99), (7, 281.89), (2, 230.99)
(6, 31.02), (1, 396.41), (2, 286.23), (3, 799.92), (4, 419.49), (5, 541.87), (6, 31.02), (7, 346.44), (6, 31.02), (6, 31.02), (1, 396.41), (6, 31.02), (6, 31.02), (1, 396.41), (2, 286.23), (6, 31.02), (6, 31.02), (6, 31.02), (6, 31.02), (6, 31.02), (1, 396.41), (1, 396.41), (3, 799.92), (1, 396.41), (1, 396.41), (3, 799.92), (6, 31.02), (6, 31.02), (6, 31.02), (4, 419.49), (4, 419.49), (6, 31.02), (7, 346.44), (7, 346.44), (5, 541.87), (7, 346.44), (7, 346.44), (5, 541.87), (6, 31.02), (6, 31.02), (6, 31.02), (6, 31.02), (6, 31.02), (6, 31.02), (6, 31.02), (6, 31.02), (2, 286.23), (2, 286.23), (2, 286.23), (2, 286.23)
(6, 101.12), (1, 303.9), (2, 187.97), (3, 721.54), (4, 422.09), (5, 436.61), (6, 101.12), (7, 241.24), (1, 303.9), (1, 303.9), (1, 303.9), (1, 303.9), (1, 303.9), (1, 303.9), (2, 187.97), (2, 187.97), (2, 187.97), (2, 187.97), (6, 101.12), (2, 187.97), (1, 303.9), (1, 303.9), (1, 303.9), (1, 303.9), (1, 303.9), (1, 303.9), (4, 422.09), (4, 422.09), (4, 422.09), (4, 422.09), (4, 422.09), (4, 422.09), (7, 241.24), (7, 241.24), (5, 436.61), (7, 241.24), (7, 241.24), (5, 436.61), (6, 101.12), (6, 101.12), (6, 101.12), (6, 101.12), (6, 101.12), (6, 101.12), (7, 241.24), (2, 187.97), (2, 187.97), (2, 187.97), (2, 187.97), (2, 187.97)
(6, 88.84), (1, 317.97), (2, 234.08), (3, 724.04), (4, 384.88), (5, 472.46), (6, 88.84), (7, 276.41), (1, 317.97), (1, 317.97), (1, 317.97), (1, 317.97), (1, 317.97), (1, 317.97), (2, 234.08), (2, 234.08), (2, 234.08), (2, 234.08), (6, 88.84), (2, 234.08), (1, 317.97), (1, 317.97), (3, 724.04), (1, 317.97), (1, 317.97), (1, 317.97), (4, 384.88), (4, 384.88), (4, 384.88), (4, 384.88), (4, 384.88), (4, 384.88), (7, 276.41), (7, 276.41), (7, 276.41), (7, 276.41), (7, 276.41), (7, 276.41), (6, 88.84), (6, 88.84), (6, 88.84), (6, 88.84), (6, 88.84), (6, 88.84), (7, 276.41), (7, 276.41), (2, 234.08), (2, 234.08), (7, 276.41), (2, 234.08)
(2, 106.74), (1, 195.56), (2, 106.74), (3, 593.21), (4, 553.0), (5, 176.92), (6, 358.23), (7, 45.12), (7, 45.12), (7, 45.12), (1, 195.56), (7, 45.12), (7, 45.12), (1, 195.56), (2, 106.74), (7, 45.12), (2, 106.74), (2, 106.74), (2, 106.74), (2, 106.74), (7, 45.12), (7, 45.12), (7, 45.12), (7, 45.12), (7, 45.12), (7, 45.12), (7, 45.12), (7, 45.12), (7, 45.12), (7, 45.12), (7, 45.12), (7, 45.12), (7, 45.12), (5, 176.92), (5, 176.92), (5, 176.92), (7, 45.12), (5, 176.92), (2, 106.74), (6, 358.23), (7, 45.12), (6, 358.23), (7, 45.12), (7, 45.12), (7, 45.12), (7, 45.12), (7, 45.12), (7, 45.12), (7, 45.12), (7, 45.12)
(2, 117.32), (1, 152.03), (2, 117.32), (3, 579.65), (4, 452.86), (5, 261.31), (6, 282.06), (7, 67.42), (7, 67.42), (7, 67.42), (1, 152.03), (1, 152.03), (1, 152.03), (1, 152.03), (2, 117.32), (2, 117.32), (2, 117.32), (2, 117.32), (2, 117.32), (2, 117.32), (1, 152.03), (1, 152.03), (1, 152.03), (1, 152.03), (1, 152.03), (1, 152.03), (4, 452.86), (1, 152.03), (4, 452.86), (4, 452.86), (4, 452.86), (4, 452.86), (7, 67.42), (7, 67.42), (5, 261.31), (7, 67.42), (7, 67.42), (5, 261.31), (6, 282.06), (6, 282.06), (2, 117.32), (6, 282.06), (2, 117.32), (7, 67.42), (7, 67.42), (7, 67.42), (7, 67.42), (7, 67.42), (7, 67.42), (7, 67.42)
(2, 67.47), (1, 219.7), (2, 67.47), (3, 627.84), (4, 553.78), (5, 213.04), (6, 326.66), (7, 63.98), (7, 63.98), (7, 63.98), (7, 63.98), (7, 63.98), (7, 63.98), (7, 63.98), (2, 67.47), (2, 67.47), (2, 67.47), (2, 67.47), (2, 67.47), (2, 67.47), (7, 63.98), (7, 63.98), (7, 63.98), (7, 63.98), (7, 63.98), (7, 63.98), (7, 63.98), (7, 63.98), (7, 63.98), (4, 553.78), (4, 553.78), (7, 63.98), (7, 63.98), (5, 213.04), (5, 213.04), (7, 63.98), (7, 63.98), (5, 213.04), (2, 67.47), (2, 67.47), (2, 67.47), (2, 67.47), (2, 67.47), (2, 67.47), (7, 63.98), (7, 63.98), (7, 63.98), (7, 63.98), (7, 63.98), (2, 67.47)
(2, 72.57), (1, 217.01), (2, 72.57), (3, 623.8), (4, 554.36), (5, 208.06), (6, 331.1), (7, 61.1), (7, 61.1), (7, 61.1), (7, 61.1), (7, 61.1), (7, 61.1), (7, 61.1), (2, 72.57), (2, 72.57), (2, 72.57), (2, 72.57), (2, 72.57), (2, 72.57), (7, 61.1), (7, 61.1), (7, 61.1), (7, 61.1), (7, 61.1), (7, 61.1), (7, 61.1), (7, 61.1), (7, 61.1), (4, 554.36), (4, 554.36), (7, 61.1), (7, 61.1), (5, 208.06), (5, 208.06), (7, 61.1), (7, 61.1), (5, 208.06), (2, 72.57), (2, 72.57), (2, 72.57), (2, 72.57), (2, 72.57), (2, 72.57), (7, 61.1), (7, 61.1), (7, 61.1), (7, 61.1), (7, 61.1), (2, 72.57)
(2, 119.51), (1, 209.62), (2, 119.51), (3, 596.61), (4, 574.77), (5, 160.0), (6, 378.16), (7, 66.31), (7, 66.31), (7, 66.31), (1, 209.62), (7, 66.31), (7, 66.31), (1, 209.62), (2, 119.51), (2, 119.51), (2, 119.51), (2, 119.51), (2, 119.51), (2, 119.51), (7, 66.31), (1, 209.62), (3, 596.61), (7, 66.31), (7, 66.31), (3, 596.61), (7, 66.31), (7, 66.31), (7, 66.31), (7, 66.31), (7, 66.31), (7, 66.31), (7, 66.31), (5, 160.0), (5, 160.0), (5, 160.0), (7, 66.31), (5, 160.0), (2, 119.51), (2, 119.51), (7, 66.31), (2, 119.51), (2, 119.51), (7, 66.31), (7, 66.31), (7, 66.31), (7, 66.31), (7, 66.31), (7, 66.31), (7, 66.31)
(2, 50.64), (1, 231.4), (2, 50.64), (3, 642.95), (4, 554.94), (5, 229.01), (6, 313.56), (7, 77.1), (7, 77.1), (7, 77.1), (7, 77.1), (7, 77.1), (7, 77.1), (7, 77.1), (2, 50.64), (2, 50.64), (2, 50.64), (2, 50.64), (2, 50.64), (2, 50.64), (7, 77.1), (7, 77.1), (7, 77.1), (7, 77.1), (7, 77.1), (7, 77.1), (7, 77.1), (7, 77.1), (4, 554.94), (4, 554.94), (4, 554.94), (2, 50.64), (7, 77.1), (5, 229.01), (5, 229.01), (7, 77.1), (7, 77.1), (5, 229.01), (2, 50.64), (2, 50.64), (2, 50.64), (2, 50.64), (2, 50.64), (2, 50.64), (7, 77.1), (7, 77.1), (2, 50.64), (2, 50.64), (7, 77.1), (2, 50.64)
% Distances 
0.0, 833.39, 571.95, 1254.09, 1015.02, 787.22, 567.93, 687.4, 798.45, 788.85, 937.67, 804.83, 815.87, 866.24, 565.69, 599.86, 588.81, 500.1, 549.73, 471.97, 1153.31, 1229.17, 1263.1, 1190.8, 1234.02, 1289.78, 993.29, 988.07, 1017.89, 1010.65, 1017.31, 989.26, 711.33, 836.53, 803.78, 828.84, 728.8, 834.68, 452.15, 562.98, 613.18, 598.0, 602.96, 632.77, 662.58, 682.61, 626.6, 630.8, 662.46, 611.22
833.39, 0.0, 262.65, 428.39, 406.01, 248.27, 402.15, 155.93, 45.0, 44.65, 104.69, 30.53, 33.14, 42.01, 281.26, 234.87, 244.81, 338.75, 299.2, 374.77, 339.27, 397.42, 442.47, 379.42, 409.61, 474.77, 423.19, 314.2, 472.56, 419.84, 403.8, 456.9, 248.13, 241.85, 266.81, 209.38, 230.87, 303.86, 513.16, 399.86, 332.12, 396.41, 303.9, 317.97, 195.56, 152.03, 219.7, 217.01, 209.62, 231.4
571.95, 262.65, 0.0, 683.08, 551.33, 279.18, 270.6, 117.61, 226.5, 218.0, 366.22, 235.31, 248.65, 298.09, 51.09, 50.6, 34.54, 78.11, 101.77, 118.26, 584.85, 657.22, 693.43, 623.41, 663.27, 721.94, 548.69, 487.37, 590.77, 556.54, 551.42, 566.08, 209.06, 317.35, 303.03, 296.66, 215.0, 347.09, 325.26, 264.43, 230.99, 286.23, 187.97, 234.08, 106.74, 117.32, 67.47, 72.57, 119.51, 50.64
1254.09, 428.39, 683.08, 0.0, 583.69, 516.7, 812.61, 566.71, 457.79, 471.19, 325.04, 458.7, 452.9, 404.38, 689.52, 661.71, 670.2, 754.07, 727.52, 784.48, 109.79, 59.48, 31.3, 87.01, 21.02, 69.86, 623.55, 499.0, 663.48, 604.69, 578.81, 666.8, 575.35, 470.27, 513.47, 460.48, 554.43, 511.59, 933.68, 811.8, 741.54, 799.92, 721.54, 724.04, 593.21, 579.65, 627.84, 623.8, 596.61, 642.95
1015.02, 406.01, 551.33, 583.69, 0.0, 653.78, 448.41, 508.46, 442.65, 422.42, 402.66, 404.13, 384.41, 372.81, 596.25, 501.26, 517.54, 620.67, 503.05, 662.61, 565.8, 525.45, 613.01, 597.37, 576.9, 652.98, 42.72, 98.74, 80.78, 21.02, 5.1, 84.29, 642.22, 646.72, 672.8, 614.59, 628.26, 709.37, 574.47, 452.86, 403.61, 419.49, 422.09, 384.88, 553.0, 452.86, 553.78, 554.36, 574.77, 554.94
787.22, 248.27, 279.18, 516.7, 653.78, 0.0, 533.83, 196.06, 211.78, 234.23, 291.67, 250.7, 269.88, 285.0, 250.83, 297.44, 292.83, 315.39, 374.13, 327.23, 407.06, 513.6, 515.64, 437.4, 495.69, 532.88, 669.06, 562.43, 718.03, 667.0, 651.7, 700.66, 77.47, 50.21, 24.74, 57.87, 64.94, 70.34, 604.01, 528.74, 477.77, 541.87, 436.61, 472.46, 176.92, 261.31, 213.04, 208.06, 160.0, 229.01
567.93, 402.15, 270.6, 812.61, 448.41, 533.83, 0.0, 339.99, 393.15, 369.76, 494.17, 373.05, 371.16, 413.86, 317.91, 238.21, 246.14, 290.59, 169.07, 321.14, 735.77, 770.64, 831.58, 776.05, 796.07, 867.11, 425.41, 433.04, 450.71, 443.13, 450.98, 422.14, 472.6, 562.5, 558.55, 535.34, 473.93, 604.07, 131.82, 7.21, 71.18, 31.02, 101.12, 88.84, 358.23, 282.06, 326.66, 331.1, 378.16, 313.56
687.4, 155.93, 117.61, 566.71, 508.46, 196.06, 339.99, 0.0, 114.49, 113.27, 255.16, 133.56, 151.2, 195.76, 126.18, 111.61, 113.3, 187.72, 189.89, 220.91, 467.46, 542.83, 576.39, 505.89, 546.73, 604.51, 514.77, 429.85, 561.31, 517.75, 507.51, 540.05, 147.9, 222.52, 220.74, 196.06, 142.17, 266.3, 422.14, 335.28, 281.89, 346.44, 241.24, 276.41, 45.12, 67.42, 63.98, 61.1, 66.31, 77.1
798.45, 45.0, 226.5, 457.79, 442.65, 211.78, 393.15, 114.49, 0.0, 26.25, 140.8, 38.95, 58.25, 87.01, 240.65, 204.44, 212.43, 300.67, 274.49, 335.15, 363.17, 430.73, 469.65, 402.72, 438.32, 500.02, 457.28, 353.36, 506.26, 455.47, 440.73, 489.1, 204.92, 212.0, 232.09, 179.4, 188.48, 271.9, 496.81, 390.12, 325.21, 390.87, 292.66, 313.19, 151.92, 124.17, 178.44, 175.38, 165.06, 191.26
788.85, 44.65, 218.0, 471.19, 422.42, 234.23, 369.76, 113.27, 26.25, 0.0, 148.92, 21.02, 40.79, 82.57, 237.51, 190.92, 200.47, 294.21, 257.38, 330.53, 379.59, 441.42, 484.4, 419.49, 452.13, 515.88, 435.6, 335.18, 484.32, 434.61, 420.69, 466.51, 221.25, 236.92, 255.29, 204.42, 206.19, 296.02, 476.01, 366.93, 301.16, 366.58, 269.76, 288.63, 154.94, 108.47, 176.47, 174.04, 171.0, 187.55
937.67, 104.69, 366.22, 325.04, 402.66, 291.67, 494.17, 255.16, 140.8, 148.92, 0.0, 134.42, 127.88, 80.53, 381.33, 339.56, 349.38, 441.28, 402.81, 475.94, 241.6, 292.75, 340.6, 281.89, 306.76, 374.41, 429.08, 304.24, 478.16, 420.03, 399.34, 468.19, 316.13, 267.23, 303.44, 239.1, 296.01, 329.71, 610.97, 492.65, 423.1, 484.82, 399.41, 407.0, 290.32, 256.7, 319.0, 315.78, 300.43, 332.05
804.83, 30.53, 235.31, 458.7, 404.13, 250.7, 373.05, 133.56, 38.95, 21.02, 134.42, 0.0, 20.25, 63.16, 256.83, 205.55, 216.02, 312.19, 268.82, 349.18, 369.77, 427.1, 472.95, 409.9, 440.0, 505.3, 418.39, 315.75, 467.34, 416.75, 402.27, 450.16, 241.03, 250.35, 271.03, 217.71, 225.46, 310.65, 482.95, 370.6, 303.4, 368.13, 274.24, 289.77, 175.73, 122.58, 196.29, 194.03, 192.0, 206.85
815.87, 33.14, 248.65, 452.9, 384.41, 269.88, 371.16, 151.2, 58.25, 40.79, 127.88, 20.25, 0.0, 50.45, 272.69, 216.01, 227.43, 326.17, 275.54, 363.96, 367.18, 419.14, 468.31, 407.45, 434.63, 501.6, 399.22, 295.61, 448.29, 397.24, 382.5, 431.48, 261.28, 267.92, 289.84, 235.27, 245.64, 328.82, 484.41, 369.09, 300.76, 364.59, 273.91, 286.15, 194.21, 133.41, 213.03, 211.02, 211.12, 222.8
866.24, 42.01, 298.09, 404.38, 372.81, 285.0, 413.86, 195.76, 87.01, 82.57, 80.53, 63.16, 50.45, 0.0, 319.88, 266.4, 277.65, 375.21, 325.47, 412.33, 322.01, 369.33, 420.73, 362.31, 386.48, 454.86, 392.63, 278.65, 442.19, 387.66, 370.3, 428.16, 289.17, 274.09, 302.21, 242.2, 271.45, 337.0, 530.53, 412.26, 342.86, 405.08, 318.89, 327.03, 236.58, 183.67, 259.02, 256.6, 251.25, 269.9
565.69, 281.26, 51.09, 689.52, 596.25, 250.83, 317.91, 126.18, 240.65, 237.51, 381.33, 256.83, 272.69, 319.88, 0.0, 99.85, 84.6, 67.74, 149.04, 95.21, 587.68, 667.73, 697.67, 625.11, 669.24, 724.09, 595.3, 528.56, 638.24, 602.29, 596.12, 614.0, 175.92, 293.57, 273.4, 277.08, 185.92, 315.53, 361.76, 311.49, 281.37, 335.04, 238.53, 284.96, 96.9, 150.08, 62.43, 66.03, 99.48, 49.98
599.86, 234.87, 50.6, 661.71, 501.26, 297.44, 238.21, 111.61, 204.44, 190.92, 339.56, 205.55, 216.01, 266.4, 99.85, 0.0, 16.28, 122.33, 78.52, 164.15, 567.44, 632.25, 674.06, 606.82, 642.44, 704.4, 498.2, 439.01, 540.18, 506.22, 501.42, 515.49, 234.39, 330.01, 322.02, 305.59, 236.14, 367.29, 310.98, 232.69, 190.19, 249.88, 146.99, 190.6, 120.67, 82.98, 88.77, 93.05, 139.98, 77.18
588.81, 244.81, 34.54, 670.2, 517.54, 292.83, 246.14, 113.3, 212.43, 200.47, 349.38, 216.02, 227.43, 277.65, 84.6, 16.28, 0.0, 106.68, 81.3, 148.34, 574.65, 641.82, 681.94, 613.8, 650.75, 711.73, 514.44, 455.04, 556.34, 522.5, 517.7, 531.59, 227.27, 327.3, 317.24, 304.02, 230.38, 362.22, 312.58, 240.35, 201.38, 259.38, 158.11, 202.94, 116.07, 94.03, 81.02, 85.7, 133.66, 67.42
500.1, 338.75, 78.11, 754.07, 620.67, 315.39, 290.59, 187.72, 300.67, 294.21, 441.28, 312.19, 326.17, 375.21, 67.74, 122.33, 106.68, 0.0, 132.4, 42.05, 653.4, 730.5, 763.02, 691.19, 733.96, 790.1, 615.23, 561.03, 655.35, 624.58, 621.07, 629.67, 238.95, 359.61, 337.15, 344.2, 250.86, 377.81, 312.36, 283.64, 268.54, 312.54, 228.78, 276.8, 163.67, 195.43, 126.59, 130.91, 167.22, 111.13
549.73, 299.2, 101.77, 727.52, 503.05, 374.13, 169.07, 189.89, 274.49, 257.38, 402.81, 268.82, 275.54, 325.47, 149.04, 78.52, 81.3, 132.4, 0.0, 170.49, 636.89, 694.68, 741.55, 676.7, 708.81, 773.26, 493.34, 454.23, 530.85, 504.78, 504.0, 504.28, 307.9, 408.06, 398.54, 384.02, 311.58, 443.5, 232.46, 162.79, 136.65, 186.23, 96.38, 144.4, 197.31, 150.36, 161.94, 166.74, 214.83, 147.3
471.97, 374.77, 118.26, 784.48, 662.61, 327.23, 321.14, 220.91, 335.15, 330.53, 475.94, 349.18, 363.96, 412.33, 95.21, 164.15, 148.34, 42.05, 170.49, 0.0, 682.07, 762.94, 792.28, 719.19, 764.15, 818.19, 656.87, 603.01, 696.69, 666.39, 663.03, 670.85, 249.77, 373.92, 347.38, 361.71, 264.33, 385.44, 328.4, 314.04, 304.93, 344.93, 266.54, 314.43, 191.34, 235.05, 157.55, 161.24, 190.51, 143.89
1153.31, 339.27, 584.85, 109.79, 565.8, 407.06, 735.77, 467.46, 363.17, 379.59, 241.6, 369.77, 367.18, 322.01, 587.68, 567.44, 574.65, 653.4, 636.89, 682.07, 0.0, 121.49, 110.8, 40.31, 88.87, 137.13, 602.22, 472.59, 646.56, 586.26, 561.29, 645.16, 466.87, 360.49, 403.69, 351.09, 446.08, 402.38, 851.58, 734.24, 664.69, 726.08, 640.58, 648.46, 490.86, 487.03, 526.82, 522.56, 492.66, 542.48
1229.17, 397.42, 657.22, 59.48, 525.45, 513.6, 770.64, 542.83, 430.73, 441.42, 292.75, 427.1, 419.14, 369.33, 667.73, 632.25, 641.82, 730.5, 694.68, 762.94, 121.49, 0.0, 90.48, 118.12, 60.0, 129.28, 565.64, 442.29, 604.98, 546.47, 520.54, 608.84, 566.39, 469.82, 513.23, 456.13, 545.23, 516.62, 894.21, 770.22, 699.89, 756.47, 682.29, 681.82, 572.73, 549.44, 605.45, 601.7, 578.34, 619.8
1263.1, 442.47, 693.43, 31.3, 613.01, 515.64, 831.58, 576.39, 469.65, 484.4, 340.6, 472.95, 468.31, 420.73, 697.67, 674.06, 681.94, 763.02, 741.55, 792.28, 110.8, 90.48, 0.0, 78.55, 37.34, 40.05, 652.58, 527.21, 693.0, 633.99, 608.16, 695.86, 577.1, 468.09, 510.93, 460.42, 556.4, 506.28, 951.09, 830.56, 760.42, 819.75, 739.12, 743.27, 600.97, 592.64, 636.5, 632.31, 603.19, 651.97
1190.8, 379.42, 623.41, 87.01, 597.37, 437.4, 776.05, 505.89, 402.72, 419.49, 281.89, 409.9, 407.45, 362.31, 625.11, 606.82, 613.8, 691.19, 676.7, 719.19, 40.31, 118.12, 78.55, 0.0, 68.47, 99.01, 634.67, 505.72, 678.13, 618.01, 592.76, 677.78, 499.84, 389.66, 432.44, 382.52, 479.27, 427.87, 891.86, 774.54, 704.96, 766.27, 680.89, 688.7, 528.22, 526.71, 564.62, 560.29, 529.29, 580.45
1234.02, 409.61, 663.27, 21.02, 576.9, 495.69, 796.07, 546.73, 438.32, 452.13, 306.76, 440.0, 434.63, 386.48, 669.24, 642.44, 650.75, 733.96, 708.81, 764.15, 88.87, 60.0, 37.34, 68.47, 0.0, 77.06, 616.23, 490.41, 657.05, 597.85, 572.07, 659.51, 554.36, 449.32, 492.54, 439.46, 533.44, 490.92, 916.37, 795.15, 724.94, 783.85, 704.29, 707.63, 572.84, 560.56, 607.65, 603.58, 576.06, 622.83
1289.78, 474.77, 721.94, 69.86, 652.98, 532.88, 867.11, 604.51, 500.02, 515.88, 374.41, 505.3, 501.6, 454.86, 724.09, 704.4, 711.73, 790.1, 773.26, 818.19, 137.13, 129.28, 40.05, 99.01, 77.06, 0.0, 692.6, 567.25, 732.92, 673.97, 648.12, 735.88, 597.23, 484.29, 526.48, 479.05, 576.83, 518.54, 985.38, 865.92, 795.93, 855.88, 773.68, 779.04, 627.21, 623.68, 663.52, 659.21, 628.27, 679.3
993.29, 423.19, 548.69, 623.55, 42.72, 669.06, 425.41, 514.77, 457.28, 435.6, 429.08, 418.39, 399.22, 392.63, 595.3, 498.2, 514.44, 615.23, 493.34, 656.87, 602.22, 565.64, 652.58, 634.67, 616.23, 692.6, 0.0, 130.3, 49.58, 23.85, 47.8, 43.29, 652.76, 664.98, 688.99, 632.56, 639.85, 727.02, 548.43, 430.31, 385.78, 395.64, 408.0, 367.92, 558.6, 456.03, 556.35, 557.31, 580.93, 556.19
988.07, 314.2, 487.37, 499.0, 98.74, 562.43, 433.04, 429.85, 353.36, 335.18, 304.24, 315.75, 295.61, 278.65, 528.56, 439.01, 455.04, 561.03, 454.23, 603.01, 472.59, 442.29, 527.21, 505.72, 490.41, 567.25, 130.3, 0.0, 177.13, 117.24, 95.21, 172.8, 556.41, 552.6, 580.49, 520.83, 541.2, 615.61, 564.19, 436.14, 376.67, 407.43, 385.49, 356.62, 474.94, 380.3, 480.58, 480.5, 495.6, 483.94
1017.89, 472.56, 590.77, 663.48, 80.78, 718.03, 450.71, 561.31, 506.26, 484.32, 478.16, 467.34, 448.29, 442.19, 638.24, 540.18, 556.34, 655.35, 530.85, 696.69, 646.56, 604.98, 693.0, 678.13, 657.05, 732.92, 49.58, 177.13, 0.0, 60.41, 85.38, 28.64, 700.59, 714.38, 738.11, 681.94, 687.99, 776.35, 569.05, 456.1, 417.0, 420.22, 442.47, 400.15, 604.77, 501.39, 601.19, 602.33, 627.3, 600.39
1010.65, 419.84, 556.54, 604.69, 21.02, 667.0, 443.13, 517.75, 455.47, 434.61, 420.03, 416.75, 397.24, 387.66, 602.29, 506.22, 522.5, 624.58, 504.78, 666.39, 586.26, 546.47, 633.99, 618.01, 597.85, 673.97, 23.85, 117.24, 60.41, 0.0, 26.0, 63.51, 653.45, 661.14, 686.4, 628.89, 639.93, 723.58, 567.55, 447.83, 401.07, 413.71, 421.52, 382.77, 562.01, 460.68, 561.41, 562.17, 584.04, 561.97
1017.31, 403.8, 551.42, 578.81, 5.1, 651.7, 450.98, 507.51, 440.73, 420.69, 399.34, 402.27, 382.5, 370.3, 596.12, 501.42, 517.7, 621.07, 504.0, 663.03, 561.29, 520.54, 608.16, 592.76, 572.07, 648.12, 47.8, 95.21, 85.38, 26.0, 0.0, 89.36, 640.71, 644.29, 670.61, 612.21, 626.62, 707.0, 577.36, 455.37, 405.58, 422.17, 423.62, 386.76, 552.11, 452.31, 553.25, 553.78, 573.8, 554.56
989.26, 456.9, 566.08, 666.8, 84.29, 700.66, 422.14, 540.05, 489.1, 466.51, 468.19, 450.16, 431.48, 428.16, 614.0, 515.49, 531.59, 629.67, 504.28, 670.85, 645.16, 608.84, 695.86, 677.78, 659.51, 735.88, 43.29, 172.8, 28.64, 63.51, 89.36, 0.0, 680.87, 698.66, 721.18, 666.11, 668.8, 760.18, 540.45, 427.55, 389.05, 391.62, 415.13, 372.39, 583.09, 479.07, 578.31, 579.6, 605.8, 577.02
711.33, 248.13, 209.06, 575.35, 642.22, 77.47, 472.6, 147.9, 204.92, 221.25, 316.13, 241.03, 261.28, 289.17, 175.92, 234.39, 227.27, 238.95, 307.9, 249.77, 466.87, 566.39, 577.1, 499.84, 554.36, 597.23, 652.76, 556.41, 700.59, 653.45, 640.71, 680.87, 0.0, 125.4, 98.23, 119.6, 21.19, 139.61, 534.08, 467.04, 421.49, 483.5, 379.01, 418.61, 115.87, 215.23, 146.25, 141.65, 94.58, 160.64
836.53, 241.85, 317.35, 470.27, 646.72, 50.21, 562.5, 222.52, 212.0, 236.92, 267.23, 250.35, 267.92, 274.09, 293.57, 330.01, 327.3, 359.61, 408.06, 373.92, 360.49, 469.82, 468.09, 389.66, 449.32, 484.29, 664.98, 552.6, 714.38, 661.14, 644.29, 698.66, 125.4, 0.0, 43.42, 32.65, 109.59, 63.29, 639.85, 557.8, 503.04, 568.23, 463.28, 496.0, 211.77, 283.55, 250.06, 244.97, 198.12, 266.72
803.78, 266.81, 303.03, 513.47, 672.8, 24.74, 558.55, 220.74, 232.09, 255.29, 303.44, 271.03, 289.84, 302.21, 273.4, 322.02, 317.24, 337.15, 398.54, 347.38, 403.69, 513.23, 510.93, 432.44, 492.54, 526.48, 688.99, 580.49, 738.11, 686.4, 670.61, 721.18, 98.23, 43.42, 0.0, 64.54, 88.14, 45.61, 628.06, 553.44, 502.48, 566.6, 461.35, 497.11, 201.43, 285.79, 237.21, 232.26, 184.13, 253.03
828.84, 209.38, 296.66, 460.48, 614.59, 57.87, 535.34, 196.06, 179.4, 204.42, 239.1, 217.71, 235.27, 242.2, 277.08, 305.59, 304.02, 344.2, 384.02, 361.71, 351.09, 456.13, 460.42, 382.52, 439.46, 479.05, 632.56, 520.83, 681.94, 628.89, 612.21, 666.11, 119.6, 32.65, 64.54, 0.0, 100.5, 94.81, 616.37, 530.83, 474.62, 540.11, 435.49, 466.97, 190.04, 254.83, 229.21, 224.12, 178.99, 246.17
728.8, 230.87, 215.0, 554.43, 628.26, 64.94, 473.93, 142.17, 188.48, 206.19, 296.01, 225.46, 245.64, 271.45, 185.92, 236.14, 230.38, 250.86, 311.58, 264.33, 446.08, 545.23, 556.4, 479.27, 533.44, 576.83, 639.85, 541.2, 687.99, 639.93, 626.62, 668.8, 21.19, 109.59, 88.14, 100.5, 0.0, 132.19, 540.18, 468.58, 420.53, 483.53, 378.54, 416.64, 115.69, 209.46, 149.75, 144.89, 96.75, 165.25
834.68, 303.86, 347.09, 511.59, 709.37, 70.34, 604.07, 266.3, 271.9, 296.02, 329.71, 310.65, 328.82, 337.0, 315.53, 367.29, 362.22, 377.81, 443.5, 385.44, 402.38, 516.62, 506.28, 427.87, 490.92, 518.54, 727.02, 615.61, 776.35, 723.58, 707.0, 760.18, 139.61, 63.29, 45.61, 94.81, 132.19, 0.0, 672.33, 598.94, 548.08, 612.21, 506.95, 542.65, 246.64, 331.12, 281.86, 276.96, 228.79, 297.43
452.15, 513.16, 325.26, 933.68, 574.47, 604.01, 131.82, 422.14, 496.81, 476.01, 610.97, 482.95, 484.41, 530.53, 361.76, 310.98, 312.58, 312.36, 232.46, 328.4, 851.58, 894.21, 951.09, 891.86, 916.37, 985.38, 548.43, 564.19, 569.05, 567.55, 577.36, 540.45, 534.08, 639.85, 628.06, 616.37, 540.18, 672.33, 0.0, 129.73, 197.5, 156.92, 212.14, 217.14, 428.26, 376.0, 391.0, 396.01, 444.0, 375.03
562.98, 399.86, 264.43, 811.8, 452.86, 528.74, 7.21, 335.28, 390.12, 366.93, 492.65, 370.6, 369.09, 412.26, 311.49, 232.69, 240.35, 283.64, 162.79, 314.04, 734.24, 770.22, 830.56, 774.54, 795.15, 865.92, 430.31, 436.14, 456.1, 447.83, 455.37, 427.55, 467.04, 557.8, 553.44, 530.83, 468.58, 598.94, 129.73, 0.0, 70.33, 37.34, 97.62, 88.81, 352.9, 278.0, 321.01, 325.48, 372.67, 307.75
613.18, 332.12, 230.99, 741.54, 403.61, 477.77, 71.18, 281.89, 325.21, 301.16, 423.1, 303.4, 300.76, 342.86, 281.37, 190.19, 201.38, 268.54, 136.65, 304.93, 664.69, 699.89, 760.42, 704.96, 724.94, 795.93, 385.78, 376.67, 417.0, 401.07, 405.58, 389.05, 421.49, 503.04, 502.48, 474.62, 420.53, 548.08, 197.5, 70.33, 0.0, 66.03, 43.27, 20.25, 305.69, 219.8, 278.3, 282.24, 327.15, 267.37
598.0, 396.41, 286.23, 799.92, 419.49, 541.87, 31.02, 346.44, 390.87, 366.58, 484.82, 368.13, 364.59, 405.08, 335.04, 249.88, 259.38, 312.54, 186.23, 344.93, 726.08, 756.47, 819.75, 766.27, 783.85, 855.88, 395.64, 407.43, 420.22, 413.71, 422.17, 391.62, 483.5, 568.23, 566.6, 540.11, 483.53, 612.21, 156.92, 37.34, 66.03, 0.0, 105.26, 78.45, 368.11, 285.41, 338.64, 342.85, 388.93, 326.53
602.96, 303.9, 187.97, 721.54, 422.09, 436.61, 101.12, 241.24, 292.66, 269.76, 399.41, 274.24, 273.91, 318.89, 238.53, 146.99, 158.11, 228.78, 96.38, 266.54, 640.58, 682.29, 739.12, 680.89, 704.29, 773.68, 408.0, 385.49, 442.47, 421.52, 423.62, 415.13, 379.01, 463.28, 461.35, 435.49, 378.54, 506.95, 212.14, 97.62, 43.27, 105.26, 0.0, 48.02, 263.35, 181.33, 235.26, 239.26, 284.54, 224.15
632.77, 317.97, 234.08, 724.04, 384.88, 472.46, 88.84, 276.41, 313.19, 288.63, 407.0, 289.77, 286.15, 327.03, 284.96, 190.6, 202.94, 276.8, 144.4, 314.43, 648.46, 681.82, 743.27, 688.7, 707.63, 779.04, 367.92, 356.62, 400.15, 382.77, 386.76, 372.39, 418.61, 496.0, 497.11, 466.97, 416.64, 542.65, 217.14, 88.81, 20.25, 78.45, 48.02, 0.0, 302.76, 212.46, 277.41, 281.11, 324.77, 267.49
662.58, 195.56, 106.74, 593.21, 553.0, 176.92, 358.23, 45.12, 151.92, 154.94, 290.32, 175.73, 194.21, 236.58, 96.9, 120.67, 116.07, 163.67, 197.31, 191.34, 490.86, 572.73, 600.97, 528.22, 572.84, 627.21, 558.6, 474.94, 604.77, 562.01, 552.11, 583.09, 115.87, 211.77, 201.43, 190.04, 115.69, 246.64, 428.26, 352.9, 305.69, 368.11, 263.35, 302.76, 0.0, 105.42, 39.56, 34.54, 23.35, 56.65
682.61, 152.03, 117.32, 579.65, 452.86, 261.31, 282.06, 67.42, 124.17, 108.47, 256.7, 122.58, 133.41, 183.67, 150.08, 82.98, 94.03, 195.43, 150.36, 235.05, 487.03, 549.44, 592.64, 526.71, 560.56, 623.68, 456.03, 380.3, 501.39, 460.68, 452.31, 479.07, 215.23, 283.55, 285.79, 254.83, 209.46, 331.12, 376.0, 278.0, 219.8, 285.41, 181.33, 212.46, 105.42, 0.0, 100.96, 101.51, 128.69, 103.7
626.6, 219.7, 67.47, 627.84, 553.78, 213.04, 326.66, 63.98, 178.44, 176.47, 319.0, 196.29, 213.03, 259.02, 62.43, 88.77, 81.02, 126.59, 161.94, 157.55, 526.82, 605.45, 636.5, 564.62, 607.65, 663.52, 556.35, 480.58, 601.19, 561.41, 553.25, 578.31, 146.25, 250.06, 237.21, 229.21, 149.75, 281.86, 391.0, 321.01, 278.3, 338.64, 235.26, 277.41, 39.56, 100.96, 0.0, 5.1, 53.08, 17.09
630.8, 217.01, 72.57, 623.8, 554.36, 208.06, 331.1, 61.1, 175.38, 174.04, 315.78, 194.03, 211.02, 256.6, 66.03, 93.05, 85.7, 130.91, 166.74, 161.24, 522.56, 601.7, 632.31, 560.29, 603.58, 659.21, 557.31, 480.5, 602.33, 562.17, 553.78, 579.6, 141.65, 244.97, 232.26, 224.12, 144.89, 276.96, 396.01, 325.48, 282.24, 342.85, 239.26, 281.11, 34.54, 101.51, 5.1, 0.0, 48.17, 22.14
662.46, 209.62, 119.51, 596.61, 574.77, 160.0, 378.16, 66.31, 165.06, 171.0, 300.43, 192.0, 211.12, 251.25, 99.48, 139.98, 133.66, 167.22, 214.83, 190.51, 492.66, 578.34, 603.19, 529.29, 576.06, 628.27, 580.93, 495.6, 627.3, 584.04, 573.8, 605.8, 94.58, 198.12, 184.13, 178.99, 96.75, 228.79, 444.0, 372.67, 327.15, 388.93, 284.54, 324.77, 23.35, 128.69, 53.08, 48.17, 0.0, 69.07
611.22, 231.4, 50.64, 642.95, 554.94, 229.01, 313.56, 77.1, 191.26, 187.55, 332.05, 206.85, 222.8, 269.9, 49.98, 77.18, 67.42, 111.13, 147.3, 143.89, 542.48, 619.8, 651.97, 580.45, 622.83, 679.3, 556.19, 483.94, 600.39, 561.97, 554.56, 577.02, 160.64, 266.72, 253.03, 246.17, 165.25, 297.43, 375.03, 307.75, 267.37, 326.53, 224.15, 267.49, 56.65, 103.7, 17.09, 22.14, 69.07, 0.0
% DistancesWithCharging 
0.0, 833.39, 571.95, 1254.09, 1015.02, 787.22, 567.93, 687.4, 843.45, 833.5, 1042.36, 835.36, 849.01, 908.25, 616.7800000000001, 650.46, 623.3499999999999, 578.21, 651.5, 590.23, 1263.1, 1288.65, 1294.3999999999999, 1277.81, 1255.04, 1359.6399999999999, 1036.01, 1086.81, 1098.67, 1031.67, 1022.41, 1073.55, 788.8000000000001, 886.74, 828.52, 886.71, 793.74, 905.02, 583.97, 570.19, 684.3599999999999, 629.02, 704.08, 721.61, 707.7, 750.03, 690.58, 691.9, 728.77, 661.86
833.39, 0.0, 262.65, 428.39, 406.01, 248.27, 402.15, 155.93, 90.0, 89.3, 209.38, 61.06, 66.28, 84.02, 332.35, 285.47, 279.35, 416.86, 400.96999999999997, 493.03, 449.06, 456.90000000000003, 473.77000000000004, 466.43, 430.63, 544.63, 465.90999999999997, 412.94, 553.34, 440.85999999999996, 408.90000000000003, 541.1899999999999, 325.6, 292.06, 291.55, 267.25, 295.81, 374.20000000000005, 644.98, 407.07, 403.3, 427.43, 405.02, 406.81000000000006, 240.68, 219.45, 283.68, 278.11, 275.93, 282.04
571.95, 262.65, 0.0, 683.08, 551.33, 279.18, 270.6, 117.61, 271.5, 262.65, 470.91, 265.84000000000003, 281.79, 340.09999999999997, 102.18, 101.2, 69.08, 156.22, 203.54, 236.52, 694.64, 716.7, 724.7299999999999, 710.42, 684.29, 791.8000000000001, 591.4100000000001, 586.11, 671.55, 577.56, 556.52, 650.37, 286.53, 367.56, 327.77, 354.53000000000003, 279.94, 417.42999999999995, 457.08, 271.64, 302.17, 317.25, 289.09000000000003, 322.92, 151.85999999999999, 184.74, 131.45, 133.67, 185.82, 101.28
1254.09, 428.39, 683.08, 0.0, 583.69, 516.7, 812.61, 566.71, 502.79, 515.84, 429.73, 489.23, 486.03999999999996, 446.39, 740.61, 712.3100000000001, 704.74, 832.1800000000001, 829.29, 902.74, 219.58, 118.96, 62.6, 174.02, 42.04, 139.72, 666.27, 597.74, 744.26, 625.71, 583.91, 751.0899999999999, 652.82, 520.48, 538.21, 518.35, 619.3699999999999, 581.93, 1065.5, 819.01, 812.72, 830.9399999999999, 822.66, 812.88, 638.33, 647.0699999999999, 691.82, 684.9, 662.9200000000001, 693.59
1015.02, 406.01, 551.33, 583.69, 0.0, 653.78, 448.41, 508.46, 487.65, 467.07, 507.35, 434.65999999999997, 417.55, 414.82, 647.34, 551.86, 552.0799999999999, 698.78, 604.82, 780.87, 675.5899999999999, 584.9300000000001, 644.31, 684.38, 597.92, 722.84, 85.44, 197.48, 161.56, 42.04, 10.2, 168.58, 719.69, 696.9300000000001, 697.54, 672.46, 693.2, 779.71, 706.29, 460.07, 474.79, 450.51, 523.21, 473.72, 598.12, 520.28, 617.76, 615.46, 641.0799999999999, 605.58
787.22, 248.27, 279.18, 516.7, 653.78, 0.0, 533.83, 196.06, 256.78, 278.88, 396.36, 281.23, 303.02, 327.01, 301.92, 348.04, 327.37, 393.5, 475.9, 445.49, 516.85, 573.08, 546.9399999999999, 524.41, 516.71, 602.74, 711.78, 661.17, 798.81, 688.02, 656.8000000000001, 784.9499999999999, 154.94, 100.42, 49.48, 115.74, 129.88, 140.68, 735.8299999999999, 535.95, 548.95, 572.89, 537.73, 561.3, 222.04, 328.73, 277.02, 269.16, 226.31, 279.65
567.93, 402.15, 270.6, 812.61, 448.41, 533.83, 0.0, 339.99, 438.15, 414.40999999999997, 598.86, 403.58000000000004, 404.3, 455.87, 369.0, 288.81, 280.68, 368.7, 270.84, 439.4, 845.56, 830.12, 862.88, 863.06, 817.09, 936.97, 468.13, 531.78, 531.49, 464.15, 456.08000000000004, 506.43, 550.07, 612.71, 583.29, 593.21, 538.87, 674.4100000000001, 263.64, 14.42, 142.36, 62.04, 202.24, 177.68, 403.35, 349.48, 390.64000000000004, 392.20000000000005, 444.47, 364.2
687.4, 155.93, 117.61, 566.71, 508.46, 196.06, 339.99, 0.0, 159.49, 157.92, 359.85, 164.09, 184.33999999999997, 237.76999999999998, 177.27, 162.21, 147.84, 265.83, 291.65999999999997, 339.17, 577.25, 602.3100000000001, 607.6899999999999, 592.9, 567.75, 674.37, 557.49, 528.59, 642.0899999999999, 538.77, 512.61, 624.3399999999999, 225.37, 272.73, 245.48000000000002, 253.93, 207.10999999999999, 336.64, 553.96, 342.48999999999995, 353.07, 377.46, 342.36, 365.25, 90.24, 134.84, 127.96, 122.2, 132.62, 127.74
798.45, 45.0, 226.5, 457.79, 442.65, 211.78, 393.15, 114.49, 45.0, 70.9, 245.49, 69.48, 91.39, 129.02, 291.74, 255.04, 246.97, 378.78000000000003, 376.26, 453.40999999999997, 472.96000000000004, 490.21000000000004, 500.95, 489.73, 459.34, 569.88, 500.0, 452.1, 587.04, 476.49, 445.83000000000004, 573.39, 282.39, 262.21, 256.83, 237.27, 253.42, 342.24, 628.63, 397.33, 396.39, 421.89, 393.78000000000003, 402.03, 197.04, 191.59, 242.42, 236.48, 231.37, 241.89999999999998
788.85, 44.65, 218.0, 471.19, 422.42, 234.23, 369.76, 113.27, 71.25, 44.65, 253.60999999999999, 51.55, 73.93, 124.57999999999998, 288.6, 241.51999999999998, 235.01, 372.32, 359.15, 448.78999999999996, 489.38, 500.90000000000003, 515.6999999999999, 506.5, 473.15, 585.74, 478.32000000000005, 433.92, 565.1, 455.63, 425.79, 550.8, 298.72, 287.13, 280.03, 262.28999999999996, 271.13, 366.36, 607.8299999999999, 374.14, 372.34000000000003, 397.59999999999997, 370.88, 377.47, 200.06, 175.89, 240.45, 235.14, 237.31, 238.19
937.67, 104.69, 366.22, 325.04, 402.66, 291.67, 494.17, 255.16, 185.8, 193.57, 104.69, 164.95, 161.01999999999998, 122.53999999999999, 432.41999999999996, 390.16, 383.92, 519.39, 504.58, 594.2, 351.39, 352.23, 371.90000000000003, 368.9, 327.78, 444.27000000000004, 471.79999999999995, 402.98, 558.94, 441.04999999999995, 404.44, 552.48, 393.6, 317.44, 328.18, 296.96999999999997, 360.95, 400.04999999999995, 742.79, 499.85999999999996, 494.28000000000003, 515.84, 500.53000000000003, 495.84000000000003, 335.44, 324.12, 382.98, 376.88, 366.74, 382.69
804.83, 30.53, 235.31, 458.7, 404.13, 250.7, 373.05, 133.56, 83.95, 65.67, 239.10999999999999, 30.53, 53.39, 105.16999999999999, 307.91999999999996, 256.15000000000003, 250.56, 390.3, 370.59, 467.44, 479.56, 486.58000000000004, 504.25, 496.90999999999997, 461.02, 575.16, 461.11, 414.49, 548.12, 437.77, 407.37, 534.45, 318.5, 300.56, 295.77, 275.58, 290.4, 380.99, 614.77, 377.81, 374.58, 399.15, 375.36, 378.61, 220.85, 190.0, 260.27, 255.13, 258.31, 257.49
815.87, 33.14, 248.65, 452.9, 384.41, 269.88, 371.16, 151.2, 103.25, 85.44, 232.57, 50.78, 33.14, 92.46000000000001, 323.78, 266.61, 261.97, 404.28000000000003, 377.31, 482.21999999999997, 476.97, 478.62, 499.61, 494.46, 455.65, 571.46, 441.94000000000005, 394.35, 529.07, 418.26, 387.6, 515.77, 338.75, 318.13, 314.58, 293.14, 310.58, 399.15999999999997, 616.23, 376.29999999999995, 371.94, 395.60999999999996, 375.03000000000003, 374.99, 239.33, 200.82999999999998, 277.01, 272.12, 277.43, 273.44
866.24, 42.01, 298.09, 404.38, 372.81, 285.0, 413.86, 195.76, 132.01, 127.22, 185.22, 93.69, 83.59, 42.01, 370.97, 317.0, 312.19, 453.32, 427.24, 530.59, 431.8, 428.81, 452.03000000000003, 449.32, 407.5, 524.72, 435.35, 377.39, 522.97, 408.68, 375.40000000000003, 512.45, 366.64, 324.29999999999995, 326.95, 300.07, 336.39, 407.34000000000003, 662.3499999999999, 419.46999999999997, 414.04, 436.09999999999997, 420.01, 415.87, 281.7, 251.08999999999997, 323.0, 317.70000000000005, 317.56, 320.53999999999996
565.69, 281.26, 51.09, 689.52, 596.25, 250.83, 317.91, 126.18, 285.65, 282.15999999999997, 486.02, 287.36, 305.83, 361.89, 51.09, 150.45, 119.13999999999999, 145.85, 250.81, 213.47, 697.4699999999999, 727.21, 728.9699999999999, 712.12, 690.26, 793.95, 638.02, 627.3, 719.02, 623.31, 601.22, 698.29, 253.39, 343.78, 298.14, 334.95, 250.85999999999999, 385.87, 493.58, 318.7, 352.55, 366.06, 339.65, 373.79999999999995, 142.02, 217.5, 126.41, 127.13, 165.79000000000002, 100.62
599.86, 234.87, 50.6, 661.71, 501.26, 297.44, 238.21, 111.61, 249.44, 235.57, 444.25, 236.08, 249.14999999999998, 308.40999999999997, 150.94, 50.6, 50.82, 200.44, 180.29, 282.41, 677.23, 691.73, 705.3599999999999, 693.83, 663.46, 774.26, 540.92, 537.75, 620.9599999999999, 527.24, 506.52000000000004, 599.78, 311.86, 380.21999999999997, 346.76, 363.46, 301.08, 437.63, 442.8, 239.9, 261.37, 280.9, 248.11, 279.44, 165.79, 150.4, 152.75, 154.15, 206.29, 127.82000000000001
588.81, 244.81, 34.54, 670.2, 517.54, 292.83, 246.14, 113.3, 257.43, 245.12, 454.07, 246.55, 260.57, 319.65999999999997, 135.69, 66.88, 34.54, 184.79000000000002, 183.07, 266.6, 684.4399999999999, 701.3000000000001, 713.24, 700.81, 671.77, 781.59, 557.1600000000001, 553.78, 637.12, 543.52, 522.8000000000001, 615.88, 304.74, 377.51, 341.98, 361.89, 295.32, 432.56000000000006, 444.4, 247.56, 272.56, 290.4, 259.23, 291.78, 161.19, 161.45, 145.0, 146.8, 199.97, 118.06
500.1, 338.75, 78.11, 754.07, 620.67, 315.39, 290.59, 187.72, 345.67, 338.85999999999996, 545.97, 342.72, 359.31, 417.21999999999997, 118.83, 172.93, 141.22, 78.11, 234.17000000000002, 160.31, 763.1899999999999, 789.98, 794.3199999999999, 778.2, 754.98, 859.96, 657.95, 659.77, 736.13, 645.6, 626.1700000000001, 713.9599999999999, 316.41999999999996, 409.82, 361.89, 402.07, 315.8, 448.15, 444.18, 290.84999999999997, 339.72, 343.56, 329.9, 365.64, 208.79, 262.85, 190.57, 192.01, 233.53, 161.76999999999998
549.73, 299.2, 101.77, 727.52, 503.05, 374.13, 169.07, 189.89, 319.49, 302.03, 507.5, 299.35, 308.68, 367.48, 200.13, 129.12, 115.84, 210.51, 101.77, 288.75, 746.68, 754.16, 772.8499999999999, 763.71, 729.8299999999999, 843.12, 536.06, 552.97, 611.63, 525.8, 509.1, 588.5699999999999, 385.37, 458.27, 423.28000000000003, 441.89, 376.52, 513.84, 364.28, 170.0, 207.83, 217.25, 197.5, 233.24, 242.43, 217.78000000000003, 225.92, 227.84, 281.14, 197.94
471.97, 374.77, 118.26, 784.48, 662.61, 327.23, 321.14, 220.91, 380.15, 375.17999999999995, 580.63, 379.71000000000004, 397.09999999999997, 454.34, 146.3, 214.75, 182.88, 120.16, 272.26, 118.26, 791.86, 822.4200000000001, 823.5799999999999, 806.2, 785.17, 888.0500000000001, 699.59, 701.75, 777.47, 687.41, 668.13, 755.14, 327.24, 424.13, 372.12, 419.58, 329.27, 455.78, 460.21999999999997, 321.25, 376.11, 375.95, 367.66, 403.27, 236.46, 302.47, 221.53, 222.34, 256.82, 194.52999999999997
1153.31, 339.27, 584.85, 109.79, 565.8, 407.06, 735.77, 467.46, 408.17, 424.23999999999995, 346.28999999999996, 400.29999999999995, 400.32, 364.02, 638.77, 618.0400000000001, 609.1899999999999, 731.51, 738.66, 800.33, 109.79, 180.97, 142.1, 127.32000000000001, 109.89, 206.99, 644.94, 571.3299999999999, 727.3399999999999, 607.28, 566.39, 729.4499999999999, 544.34, 410.7, 428.43, 408.96, 511.02, 472.72, 983.4000000000001, 741.45, 735.8700000000001, 757.1, 741.7, 737.3000000000001, 535.98, 554.4499999999999, 590.8000000000001, 583.66, 558.97, 593.12
1229.17, 397.42, 657.22, 59.48, 525.45, 513.6, 770.64, 542.83, 475.73, 486.07, 397.44, 457.63, 452.28, 411.34, 718.82, 682.85, 676.36, 808.61, 796.4499999999999, 881.2, 231.28, 59.48, 121.78, 205.13, 81.02, 199.14, 608.36, 541.03, 685.76, 567.49, 525.64, 693.13, 643.86, 520.03, 537.97, 514.0, 610.1700000000001, 586.96, 1026.03, 777.4300000000001, 771.0699999999999, 787.49, 783.41, 770.6600000000001, 617.85, 616.86, 669.4300000000001, 662.8000000000001, 644.6500000000001, 670.4399999999999
1263.1, 442.47, 693.43, 31.3, 613.01, 515.64, 831.58, 576.39, 514.65, 529.05, 445.29, 503.48, 501.45, 462.74, 748.76, 724.66, 716.48, 841.13, 843.3199999999999, 910.54, 220.59, 149.96, 31.3, 165.56, 58.36, 109.91, 695.3000000000001, 625.95, 773.78, 655.01, 613.26, 780.15, 654.57, 518.3, 535.67, 518.29, 621.3399999999999, 576.62, 1082.91, 837.77, 831.5999999999999, 850.77, 840.24, 832.11, 646.09, 660.06, 700.48, 693.41, 669.5, 702.61
1190.8, 379.42, 623.41, 87.01, 597.37, 437.4, 776.05, 505.89, 447.72, 464.14, 386.58, 440.42999999999995, 440.59, 404.32, 676.2, 657.4200000000001, 648.3399999999999, 769.3000000000001, 778.47, 837.45, 150.10000000000002, 177.6, 109.85, 87.01, 89.49, 168.87, 677.39, 604.46, 758.91, 639.03, 597.86, 762.0699999999999, 577.31, 439.87, 457.18, 440.39, 544.21, 498.21000000000004, 1023.6800000000001, 781.75, 776.1400000000001, 797.29, 782.01, 777.5400000000001, 573.34, 594.13, 628.6, 621.39, 595.5999999999999, 631.09
1234.02, 409.61, 663.27, 21.02, 576.9, 495.69, 796.07, 546.73, 483.32, 496.78, 411.45, 470.53, 467.77, 428.49, 720.33, 693.0400000000001, 685.29, 812.07, 810.5799999999999, 882.41, 198.66000000000003, 119.47999999999999, 68.64, 155.48000000000002, 21.02, 146.92000000000002, 658.95, 589.15, 737.8299999999999, 618.87, 577.1700000000001, 743.8, 631.83, 499.53, 517.28, 497.33, 598.3800000000001, 561.26, 1048.19, 802.36, 796.1200000000001, 814.87, 805.41, 796.47, 617.96, 627.9799999999999, 671.63, 664.6800000000001, 642.3699999999999, 673.47
1289.78, 474.77, 721.94, 69.86, 652.98, 532.88, 867.11, 604.51, 545.02, 560.53, 479.1, 535.83, 534.74, 496.87, 775.1800000000001, 755.0, 746.27, 868.21, 875.03, 936.45, 246.92000000000002, 188.76, 71.35, 186.02, 98.08, 69.86, 735.32, 665.99, 813.6999999999999, 694.99, 653.22, 820.17, 674.7, 534.5, 551.22, 536.92, 641.77, 588.88, 1117.2, 873.13, 867.1099999999999, 886.9, 874.8, 867.88, 672.33, 691.0999999999999, 727.5, 720.3100000000001, 694.5799999999999, 729.9399999999999
993.29, 423.19, 548.69, 623.55, 42.72, 669.06, 425.41, 514.77, 502.28, 480.25, 533.77, 448.91999999999996, 432.36, 434.64, 646.39, 548.8, 548.98, 693.34, 595.11, 775.13, 712.01, 625.12, 683.88, 721.68, 637.25, 762.46, 42.72, 229.04000000000002, 130.36, 44.870000000000005, 52.9, 127.58000000000001, 730.23, 715.19, 713.73, 690.43, 704.79, 797.36, 680.25, 437.52, 456.96, 426.65999999999997, 509.12, 456.76, 603.72, 523.4499999999999, 620.33, 618.41, 647.24, 606.83
988.07, 314.2, 487.37, 499.0, 98.74, 562.43, 433.04, 429.85, 398.36, 379.83, 408.93, 346.28, 328.75, 320.65999999999997, 579.65, 489.61, 489.58000000000004, 639.14, 556.0, 721.27, 582.38, 501.77000000000004, 558.51, 592.73, 511.43, 637.11, 173.02, 98.74, 257.90999999999997, 138.26, 100.30999999999999, 257.09000000000003, 633.88, 602.8100000000001, 605.23, 578.7, 606.1400000000001, 685.95, 696.01, 443.34999999999997, 447.85, 438.45, 486.61, 445.46000000000004, 520.06, 447.72, 544.56, 541.6, 561.9100000000001, 534.58
1017.89, 472.56, 590.77, 663.48, 80.78, 718.03, 450.71, 561.31, 551.26, 528.97, 582.85, 497.87, 481.43, 484.2, 689.33, 590.78, 590.88, 733.46, 632.62, 814.95, 756.3499999999999, 664.46, 724.3, 765.14, 678.0699999999999, 802.78, 92.3, 275.87, 80.78, 81.42999999999999, 90.47999999999999, 112.93, 778.0600000000001, 764.59, 762.85, 739.8100000000001, 752.9300000000001, 846.69, 700.8699999999999, 463.31, 488.18, 451.24, 543.59, 488.99, 649.89, 568.81, 665.1700000000001, 663.4300000000001, 693.6099999999999, 651.03
1010.65, 419.84, 556.54, 604.69, 21.02, 667.0, 443.13, 517.75, 500.47, 479.26, 524.72, 447.28, 430.38, 429.67, 653.38, 556.82, 557.04, 702.69, 606.55, 784.65, 696.05, 605.95, 665.29, 705.02, 618.87, 743.83, 66.57, 215.98, 141.19, 21.02, 31.1, 147.8, 730.9200000000001, 711.35, 711.14, 686.76, 704.8699999999999, 793.9200000000001, 699.3699999999999, 455.03999999999996, 472.25, 444.72999999999996, 522.64, 471.61, 607.13, 528.1, 625.39, 623.27, 650.3499999999999, 612.61
1017.31, 403.8, 551.42, 578.81, 5.1, 651.7, 450.98, 507.51, 485.73, 465.34, 504.03, 432.79999999999995, 415.64, 412.31, 647.21, 552.02, 552.24, 699.1800000000001, 605.77, 781.29, 671.0799999999999, 580.02, 639.4599999999999, 679.77, 593.09, 717.98, 90.52, 193.95, 166.16, 47.019999999999996, 5.1, 173.65, 718.1800000000001, 694.5, 695.35, 670.08, 691.56, 777.34, 709.1800000000001, 462.58, 476.76, 453.19, 524.74, 475.6, 597.23, 519.73, 617.23, 614.88, 640.1099999999999, 605.1999999999999
989.26, 456.9, 566.08, 666.8, 84.29, 700.66, 422.14, 540.05, 534.1, 511.15999999999997, 572.88, 480.69000000000005, 464.62, 470.17, 665.09, 566.09, 566.13, 707.78, 606.05, 789.11, 754.9499999999999, 668.32, 727.16, 764.79, 680.53, 805.74, 86.00999999999999, 271.54, 109.42, 84.53, 94.46, 84.29, 758.34, 748.87, 745.92, 723.98, 733.74, 830.52, 672.27, 434.76, 460.23, 422.64, 516.25, 461.23, 628.21, 546.49, 642.29, 640.7, 672.1099999999999, 627.66
711.33, 248.13, 209.06, 575.35, 642.22, 77.47, 472.6, 147.9, 249.92, 265.9, 420.82, 271.56, 294.41999999999996, 331.18, 227.01, 284.99, 261.81, 317.06, 409.66999999999996, 368.03000000000003, 576.66, 625.87, 608.4, 586.85, 575.38, 667.09, 695.48, 655.15, 781.37, 674.47, 645.8100000000001, 765.16, 77.47, 175.61, 122.97, 177.47, 86.13, 209.95000000000002, 665.9000000000001, 474.25, 492.67, 514.52, 480.13, 507.45000000000005, 160.99, 282.65, 210.23, 202.75, 160.89, 211.27999999999997
836.53, 241.85, 317.35, 470.27, 646.72, 50.21, 562.5, 222.52, 257.0, 281.57, 371.92, 280.88, 301.06, 316.09999999999997, 344.65999999999997, 380.61, 361.84000000000003, 437.72, 509.83, 492.18, 470.28000000000003, 529.3, 499.39, 476.67, 470.34, 554.15, 707.7, 651.34, 795.16, 682.16, 649.39, 782.9499999999999, 202.87, 50.21, 68.16, 90.52, 174.53, 133.63, 771.6700000000001, 565.01, 574.22, 599.25, 564.4, 584.84, 256.89, 350.97, 314.04, 306.07, 264.43, 317.36
803.78, 266.81, 303.03, 513.47, 672.8, 24.74, 558.55, 220.74, 277.09000000000003, 299.94, 408.13, 301.55999999999995, 322.97999999999996, 344.21999999999997, 324.49, 372.62, 351.78000000000003, 415.26, 500.31, 465.64, 513.48, 572.71, 542.23, 519.45, 513.5600000000001, 596.34, 731.71, 679.23, 818.89, 707.42, 675.71, 805.4699999999999, 175.7, 93.63, 24.74, 122.41, 153.07999999999998, 115.95, 759.8799999999999, 560.6500000000001, 573.6600000000001, 597.62, 562.47, 585.95, 246.55, 353.21000000000004, 301.19, 293.36, 250.44, 303.67
828.84, 209.38, 296.66, 460.48, 614.59, 57.87, 535.34, 196.06, 224.4, 249.07, 343.78999999999996, 248.24, 268.41, 284.21, 328.16999999999996, 356.19, 338.56, 422.31, 485.78999999999996, 479.96999999999997, 460.88, 515.61, 491.72, 469.53, 460.47999999999996, 548.91, 675.28, 619.57, 762.72, 649.91, 617.3100000000001, 750.4, 197.07, 82.86, 89.28, 57.87, 165.44, 165.15, 748.19, 538.0400000000001, 545.8, 571.13, 536.61, 555.8100000000001, 235.16, 322.25, 293.19, 285.22, 245.3, 296.81
728.8, 230.87, 215.0, 554.43, 628.26, 64.94, 473.93, 142.17, 233.48, 250.84, 400.7, 255.99, 278.78, 313.46, 237.01, 286.74, 264.92, 328.97, 413.34999999999997, 382.59, 555.87, 604.71, 587.6999999999999, 566.28, 554.46, 646.69, 682.57, 639.94, 768.77, 660.9499999999999, 631.72, 753.0899999999999, 98.66, 159.8, 112.88, 158.37, 64.94, 202.53, 672.0, 475.78999999999996, 491.71, 514.55, 479.66, 505.48, 160.81, 276.88, 213.73, 205.98999999999998, 163.06, 215.89
834.68, 303.86, 347.09, 511.59, 709.37, 70.34, 604.07, 266.3, 316.9, 340.66999999999996, 434.4, 341.17999999999995, 361.96, 379.01, 366.62, 417.89000000000004, 396.76000000000005, 455.92, 545.27, 503.7, 512.17, 576.1, 537.5799999999999, 514.88, 511.94, 588.4, 769.74, 714.35, 857.13, 744.6, 712.1, 844.4699999999999, 217.08, 113.5, 70.35, 152.68, 197.13, 70.34, 804.1500000000001, 606.1500000000001, 619.26, 643.23, 608.0699999999999, 631.49, 291.76, 398.54, 345.84000000000003, 338.06, 295.1, 348.07
452.15, 513.16, 325.26, 933.68, 574.47, 604.01, 131.82, 422.14, 541.81, 520.66, 715.6600000000001, 513.48, 517.5500000000001, 572.54, 412.85, 361.58000000000004, 347.12, 390.47, 334.23, 446.65999999999997, 961.37, 953.69, 982.39, 978.87, 937.39, 1055.24, 591.15, 662.9300000000001, 649.8299999999999, 588.5699999999999, 582.46, 624.74, 611.5500000000001, 690.0600000000001, 652.8, 674.24, 605.1199999999999, 742.6700000000001, 131.82, 136.94, 268.68, 187.94, 313.26, 305.98, 473.38, 443.42, 454.98, 457.11, 510.31, 425.66999999999996
562.98, 399.86, 264.43, 811.8, 452.86, 528.74, 7.21, 335.28, 435.12, 411.58, 597.3399999999999, 401.13, 402.22999999999996, 454.27, 362.58000000000004, 283.29, 274.89, 361.75, 264.56, 432.3, 844.03, 829.7, 861.8599999999999, 861.55, 816.17, 935.78, 473.03, 534.88, 536.88, 468.84999999999997, 460.47, 511.84000000000003, 544.51, 608.01, 578.1800000000001, 588.7, 533.52, 669.2800000000001, 261.54999999999995, 7.21, 141.51, 68.36, 198.74, 177.65, 398.02, 345.42, 384.99, 386.58000000000004, 438.98, 358.39
613.18, 332.12, 230.99, 741.54, 403.61, 477.77, 71.18, 281.89, 370.21, 345.81, 527.79, 333.92999999999995, 333.9, 384.87, 332.46000000000004, 240.79, 235.92, 346.65000000000003, 238.42000000000002, 423.19, 774.48, 759.37, 791.7199999999999, 791.97, 745.96, 865.79, 428.5, 475.41, 497.78, 422.09, 410.68, 473.34000000000003, 498.96000000000004, 553.25, 527.22, 532.49, 485.46999999999997, 618.4200000000001, 329.32, 77.53999999999999, 71.18, 97.05, 144.39000000000001, 109.09, 350.81, 287.22, 342.28000000000003, 343.34000000000003, 393.46, 318.01
598.0, 396.41, 286.23, 799.92, 419.49, 541.87, 31.02, 346.44, 435.87, 411.22999999999996, 589.51, 398.65999999999997, 397.72999999999996, 447.09, 386.13, 300.48, 293.92, 390.65000000000003, 288.0, 463.19, 835.87, 815.95, 851.05, 853.28, 804.87, 925.74, 438.36, 506.17, 501.0, 434.72999999999996, 427.27000000000004, 475.91, 560.97, 618.44, 591.34, 597.98, 548.47, 682.5500000000001, 288.74, 44.550000000000004, 137.21, 31.02, 206.38, 167.29000000000002, 413.23, 352.83000000000004, 402.62, 403.95000000000005, 455.24, 377.16999999999996
602.96, 303.9, 187.97, 721.54, 422.09, 436.61, 101.12, 241.24, 337.66, 314.40999999999997, 504.1, 304.77, 307.05, 360.9, 289.62, 197.59, 192.65, 306.89, 198.14999999999998, 384.8, 750.37, 741.77, 770.42, 767.9, 725.31, 843.54, 450.72, 484.23, 523.25, 442.53999999999996, 428.72, 499.42, 456.48, 513.49, 486.09000000000003, 493.36, 443.48, 577.29, 343.96, 104.83, 114.45000000000002, 136.28, 101.12, 136.86, 308.47, 248.75, 299.24, 300.36, 350.85, 274.79
632.77, 317.97, 234.08, 724.04, 384.88, 472.46, 88.84, 276.41, 358.19, 333.28, 511.69, 320.29999999999995, 319.28999999999996, 369.03999999999996, 336.04999999999995, 241.2, 237.48, 354.91, 246.17000000000002, 432.69, 758.25, 741.3000000000001, 774.5699999999999, 775.71, 728.65, 848.9, 410.64, 455.36, 480.92999999999995, 403.78999999999996, 391.86, 456.68, 496.08000000000004, 546.21, 521.85, 524.84, 481.58, 612.99, 348.96, 96.02, 91.43, 109.47, 149.14000000000001, 88.84, 347.88, 279.88, 341.39000000000004, 342.21000000000004, 391.08, 318.13
662.58, 195.56, 106.74, 593.21, 553.0, 176.92, 358.23, 45.12, 196.92, 199.59, 395.01, 206.26, 227.35000000000002, 278.59000000000003, 147.99, 171.27, 150.60999999999999, 241.77999999999997, 299.08, 309.6, 600.65, 632.21, 632.27, 615.23, 593.86, 697.07, 601.32, 573.68, 685.55, 583.03, 557.21, 667.38, 193.34, 261.98, 226.17000000000002, 247.91, 180.63, 316.98, 560.0799999999999, 360.10999999999996, 376.87, 399.13, 364.47, 391.6, 45.12, 172.84, 103.53999999999999, 95.64, 89.66, 107.28999999999999
682.61, 152.03, 117.32, 579.65, 452.86, 261.31, 282.06, 67.42, 169.17000000000002, 153.12, 361.39, 153.11, 166.55, 225.67999999999998, 201.17000000000002, 133.58, 128.57, 273.54, 252.13, 353.31, 596.8199999999999, 608.9200000000001, 623.9399999999999, 613.72, 581.5799999999999, 693.54, 498.75, 479.04, 582.17, 481.7, 457.41, 563.36, 292.7, 333.76, 310.53000000000003, 312.7, 274.4, 401.46000000000004, 507.82, 285.21, 290.98, 316.43, 282.45000000000005, 301.3, 150.54, 67.42, 164.94, 162.61, 195.0, 154.34
626.6, 219.7, 67.47, 627.84, 553.78, 213.04, 326.66, 63.98, 223.44, 221.12, 423.69, 226.82, 246.17000000000002, 301.03, 113.52000000000001, 139.37, 115.56, 204.7, 263.71, 275.81, 636.61, 664.9300000000001, 667.8, 651.63, 628.67, 733.38, 599.07, 579.3199999999999, 681.97, 582.43, 558.35, 662.5999999999999, 223.72, 300.27, 261.95, 287.08, 214.69, 352.20000000000005, 522.8199999999999, 328.21999999999997, 349.48, 369.65999999999997, 336.38, 366.25, 84.68, 168.38, 63.98, 66.2, 119.39, 67.73
630.8, 217.01, 72.57, 623.8, 554.36, 208.06, 331.1, 61.1, 220.38, 218.69, 420.46999999999997, 224.56, 244.16000000000003, 298.61, 117.12, 143.65, 120.24000000000001, 209.01999999999998, 268.51, 279.5, 632.3499999999999, 661.1800000000001, 663.6099999999999, 647.3, 624.6, 729.07, 600.03, 579.24, 683.11, 583.1899999999999, 558.88, 663.89, 219.12, 295.18, 257.0, 281.99, 209.82999999999998, 347.29999999999995, 527.8299999999999, 332.69, 353.42, 373.87, 340.38, 369.95000000000005, 79.66, 168.93, 69.08, 61.1, 114.48, 72.78
662.46, 209.62, 119.51, 596.61, 574.77, 160.0, 378.16, 66.31, 210.06, 215.65, 405.12, 222.53, 244.26, 293.26, 150.57, 190.57999999999998, 168.2, 245.32999999999998, 316.6, 308.77, 602.45, 637.82, 634.49, 616.3, 597.0799999999999, 698.13, 623.65, 594.34, 708.0799999999999, 605.06, 578.9, 690.0899999999999, 172.05, 248.33, 208.87, 236.86, 161.69, 299.13, 575.8199999999999, 379.88, 398.33, 419.95, 385.66, 413.61, 68.47, 196.11, 117.06, 109.27000000000001, 66.31, 119.71
611.22, 231.4, 50.64, 642.95, 554.94, 229.01, 313.56, 77.1, 236.26, 232.20000000000002, 436.74, 237.38, 255.94, 311.90999999999997, 101.07, 127.78, 101.96000000000001, 189.24, 249.07, 262.15, 652.27, 679.28, 683.27, 667.46, 643.85, 749.16, 598.9100000000001, 582.68, 681.17, 582.99, 559.66, 661.31, 238.10999999999999, 316.93, 277.77, 304.03999999999996, 230.19, 367.77, 506.84999999999997, 314.96, 338.55, 357.54999999999995, 325.27, 356.33000000000004, 101.77, 171.12, 81.07, 83.24000000000001, 135.38, 50.64
