% number of locations
50
% for each location: node, x, y
0, 0, 0
1, 276, 842
2, 747, 138
3, 367, 324
4, 554, 536
5, 130, 420
6, 935, 340
7, 926, 241
8, 300, 842
9, 226, 906
10, 193, 897
11, 318, 818
12, 219, 765
13, 244, 886
14, 743, 109
15, 698, 132
16, 776, 129
17, 705, 76
18, 784, 219
19, 755, 142
20, 219, 370
21, 374, 294
22, 395, 343
23, 354, 348
24, 385, 358
25, 358, 336
26, 472, 452
27, 540, 556
28, 593, 555
29, 651, 563
30, 593, 518
31, 620, 533
32, 104, 410
33, 88, 376
34, 179, 368
35, 187, 418
36, 233, 469
37, 193, 490
38, 865, 278
39, 892, 386
40, 1000, 292
41, 1000, 297
42, 886, 348
43, 973, 244
44, 944, 197
45, 886, 174
46, 940, 213
47, 932, 277
48, 951, 143
49, 828, 275
% number of vessels
10
% number of vessel types
3
% for each vesseltype: vessel_id, battery range, operational cost, speed, passenger capacity, fixed cost
1, 2000, 1, 20, 10, 5000 
2, 3000, 2, 22, 15, 10000 
3, 4500, 3.5, 25, 25, 17000 
% number of charging stations
7
% for each charging station: node, x, y
1, 276, 842
2, 747, 138
3, 367, 324
4, 554, 536
5, 130, 420
6, 935, 340
7, 926, 241
% number of jobs
42
% for each job: node, crew needed
8, 1
9, 3
10, 5
11, 9
12, 4
13, 3
14, 4
15, 5
16, 1
17, 6
18, 1
19, 5
20, 4
21, 5
22, 8
23, 7
24, 4
25, 6
26, 2
27, 2
28, 4
29, 5
30, 5
31, 3
32, 5
33, 5
34, 5
35, 6
36, 4
37, 1
38, 6
39, 5
40, 1
41, 1
42, 3
43, 3
44, 8
45, 4
46, 4
47, 1
48, 4
49, 6
% number of nodes
84
% for each node: node, binary
8, 0
8, 1
9, 0
9, 1
10, 0
10, 1
11, 0
11, 1
12, 0
12, 1
13, 0
13, 1
14, 0
14, 1
15, 0
15, 1
16, 0
16, 1
17, 0
17, 1
18, 0
18, 1
19, 0
19, 1
20, 0
20, 1
21, 0
21, 1
22, 0
22, 1
23, 0
23, 1
24, 0
24, 1
25, 0
25, 1
26, 0
26, 1
27, 0
27, 1
28, 0
28, 1
29, 0
29, 1
30, 0
30, 1
31, 0
31, 1
32, 0
32, 1
33, 0
33, 1
34, 0
34, 1
35, 0
35, 1
36, 0
36, 1
37, 0
37, 1
38, 0
38, 1
39, 0
39, 1
40, 0
40, 1
41, 0
41, 1
42, 0
42, 1
43, 0
43, 1
44, 0
44, 1
45, 0
45, 1
46, 0
46, 1
47, 0
47, 1
48, 0
48, 1
49, 0
49, 1
% costs
% fixed penalty
2000
% penalty per crew
750
% preprocessing
% PreferredCS 
(0, 0), (0, 0), (0, 0), (0, 0), (0, 0), (0, 0), (0, 0), (0, 0), (0, 0), (0, 0), (0, 0), (0, 0), (0, 0), (0, 0), (0, 0), (0, 0), (0, 0), (0, 0), (0, 0), (0, 0), (0, 0), (0, 0), (0, 0), (0, 0), (0, 0), (0, 0), (0, 0), (0, 0), (0, 0), (0, 0), (0, 0), (0, 0), (0, 0), (0, 0), (0, 0), (0, 0), (0, 0), (0, 0), (0, 0), (0, 0), (0, 0), (0, 0), (0, 0), (0, 0), (0, 0), (0, 0), (0, 0), (0, 0), (0, 0), (0, 0)
(1, 0), (1, 0), (1, 0), (1, 0), (1, 0), (1, 0), (1, 0), (1, 0), (1, 0), (1, 0), (1, 0), (1, 0), (1, 0), (1, 0), (1, 0), (1, 0), (1, 0), (1, 0), (1, 0), (1, 0), (1, 0), (1, 0), (1, 0), (1, 0), (1, 0), (1, 0), (1, 0), (1, 0), (1, 0), (1, 0), (1, 0), (1, 0), (1, 0), (1, 0), (1, 0), (1, 0), (1, 0), (1, 0), (1, 0), (1, 0), (1, 0), (1, 0), (1, 0), (1, 0), (1, 0), (1, 0), (1, 0), (1, 0), (1, 0), (1, 0)
(2, 0), (2, 0), (2, 0), (2, 0), (2, 0), (2, 0), (2, 0), (2, 0), (2, 0), (2, 0), (2, 0), (2, 0), (2, 0), (2, 0), (2, 0), (2, 0), (2, 0), (2, 0), (2, 0), (2, 0), (2, 0), (2, 0), (2, 0), (2, 0), (2, 0), (2, 0), (2, 0), (2, 0), (2, 0), (2, 0), (2, 0), (2, 0), (2, 0), (2, 0), (2, 0), (2, 0), (2, 0), (2, 0), (2, 0), (2, 0), (2, 0), (2, 0), (2, 0), (2, 0), (2, 0), (2, 0), (2, 0), (2, 0), (2, 0), (2, 0)
(3, 0), (3, 0), (3, 0), (3, 0), (3, 0), (3, 0), (3, 0), (3, 0), (3, 0), (3, 0), (3, 0), (3, 0), (3, 0), (3, 0), (3, 0), (3, 0), (3, 0), (3, 0), (3, 0), (3, 0), (3, 0), (3, 0), (3, 0), (3, 0), (3, 0), (3, 0), (3, 0), (3, 0), (3, 0), (3, 0), (3, 0), (3, 0), (3, 0), (3, 0), (3, 0), (3, 0), (3, 0), (3, 0), (3, 0), (3, 0), (3, 0), (3, 0), (3, 0), (3, 0), (3, 0), (3, 0), (3, 0), (3, 0), (3, 0), (3, 0)
(4, 0), (4, 0), (4, 0), (4, 0), (4, 0), (4, 0), (4, 0), (4, 0), (4, 0), (4, 0), (4, 0), (4, 0), (4, 0), (4, 0), (4, 0), (4, 0), (4, 0), (4, 0), (4, 0), (4, 0), (4, 0), (4, 0), (4, 0), (4, 0), (4, 0), (4, 0), (4, 0), (4, 0), (4, 0), (4, 0), (4, 0), (4, 0), (4, 0), (4, 0), (4, 0), (4, 0), (4, 0), (4, 0), (4, 0), (4, 0), (4, 0), (4, 0), (4, 0), (4, 0), (4, 0), (4, 0), (4, 0), (4, 0), (4, 0), (4, 0)
(5, 0), (5, 0), (5, 0), (5, 0), (5, 0), (5, 0), (5, 0), (5, 0), (5, 0), (5, 0), (5, 0), (5, 0), (5, 0), (5, 0), (5, 0), (5, 0), (5, 0), (5, 0), (5, 0), (5, 0), (5, 0), (5, 0), (5, 0), (5, 0), (5, 0), (5, 0), (5, 0), (5, 0), (5, 0), (5, 0), (5, 0), (5, 0), (5, 0), (5, 0), (5, 0), (5, 0), (5, 0), (5, 0), (5, 0), (5, 0), (5, 0), (5, 0), (5, 0), (5, 0), (5, 0), (5, 0), (5, 0), (5, 0), (5, 0), (5, 0)
(6, 0), (6, 0), (6, 0), (6, 0), (6, 0), (6, 0), (6, 0), (6, 0), (6, 0), (6, 0), (6, 0), (6, 0), (6, 0), (6, 0), (6, 0), (6, 0), (6, 0), (6, 0), (6, 0), (6, 0), (6, 0), (6, 0), (6, 0), (6, 0), (6, 0), (6, 0), (6, 0), (6, 0), (6, 0), (6, 0), (6, 0), (6, 0), (6, 0), (6, 0), (6, 0), (6, 0), (6, 0), (6, 0), (6, 0), (6, 0), (6, 0), (6, 0), (6, 0), (6, 0), (6, 0), (6, 0), (6, 0), (6, 0), (6, 0), (6, 0)
(7, 0), (7, 0), (7, 0), (7, 0), (7, 0), (7, 0), (7, 0), (7, 0), (7, 0), (7, 0), (7, 0), (7, 0), (7, 0), (7, 0), (7, 0), (7, 0), (7, 0), (7, 0), (7, 0), (7, 0), (7, 0), (7, 0), (7, 0), (7, 0), (7, 0), (7, 0), (7, 0), (7, 0), (7, 0), (7, 0), (7, 0), (7, 0), (7, 0), (7, 0), (7, 0), (7, 0), (7, 0), (7, 0), (7, 0), (7, 0), (7, 0), (7, 0), (7, 0), (7, 0), (7, 0), (7, 0), (7, 0), (7, 0), (7, 0), (7, 0)
(5, 454.95), (1, 24.0), (2, 833.92), (3, 522.32), (4, 397.68), (5, 454.95), (6, 809.46), (7, 867.8), (1, 24.0), (1, 24.0), (1, 24.0), (1, 24.0), (1, 24.0), (1, 24.0), (2, 833.92), (4, 397.68), (4, 397.68), (4, 397.68), (4, 397.68), (4, 397.68), (1, 24.0), (3, 522.32), (1, 24.0), (1, 24.0), (1, 24.0), (1, 24.0), (1, 24.0), (1, 24.0), (4, 397.68), (1, 24.0), (4, 397.68), (4, 397.68), (5, 454.95), (5, 454.95), (1, 24.0), (1, 24.0), (1, 24.0), (1, 24.0), (4, 397.68), (4, 397.68), (6, 809.46), (6, 809.46), (4, 397.68), (4, 397.68), (4, 397.68), (4, 397.68), (7, 867.8), (4, 397.68), (4, 397.68), (4, 397.68)
(5, 495.39), (1, 81.22), (2, 928.04), (3, 598.84), (4, 494.45), (5, 495.39), (6, 907.21), (7, 965.52), (1, 81.22), (1, 81.22), (1, 81.22), (1, 81.22), (1, 81.22), (1, 81.22), (1, 81.22), (1, 81.22), (1, 81.22), (1, 81.22), (1, 81.22), (1, 81.22), (1, 81.22), (3, 598.84), (1, 81.22), (1, 81.22), (1, 81.22), (1, 81.22), (1, 81.22), (1, 81.22), (1, 81.22), (1, 81.22), (1, 81.22), (1, 81.22), (5, 495.39), (5, 495.39), (1, 81.22), (1, 81.22), (1, 81.22), (1, 81.22), (1, 81.22), (1, 81.22), (6, 907.21), (6, 907.21), (1, 81.22), (1, 81.22), (1, 81.22), (4, 494.45), (1, 81.22), (1, 81.22), (1, 81.22), (1, 81.22)
(5, 481.14), (1, 99.57), (2, 939.68), (3, 598.84), (4, 510.53), (5, 481.14), (6, 927.8), (7, 983.68), (1, 99.57), (1, 99.57), (1, 99.57), (1, 99.57), (1, 99.57), (1, 99.57), (1, 99.57), (1, 99.57), (2, 939.68), (1, 99.57), (4, 510.53), (1, 99.57), (1, 99.57), (3, 598.84), (1, 99.57), (1, 99.57), (1, 99.57), (1, 99.57), (1, 99.57), (1, 99.57), (1, 99.57), (1, 99.57), (1, 99.57), (1, 99.57), (5, 481.14), (5, 481.14), (5, 481.14), (1, 99.57), (1, 99.57), (1, 99.57), (4, 510.53), (1, 99.57), (6, 927.8), (6, 927.8), (1, 99.57), (1, 99.57), (4, 510.53), (4, 510.53), (4, 510.53), (1, 99.57), (4, 510.53), (4, 510.53)
(5, 440.17), (1, 48.37), (2, 804.02), (3, 496.42), (4, 367.72), (5, 440.17), (6, 780.5), (7, 838.21), (1, 48.37), (1, 48.37), (1, 48.37), (1, 48.37), (1, 48.37), (1, 48.37), (2, 804.02), (4, 367.72), (4, 367.72), (4, 367.72), (4, 367.72), (4, 367.72), (1, 48.37), (3, 496.42), (3, 496.42), (3, 496.42), (3, 496.42), (3, 496.42), (1, 48.37), (4, 367.72), (4, 367.72), (4, 367.72), (4, 367.72), (4, 367.72), (5, 440.17), (5, 440.17), (5, 440.17), (1, 48.37), (1, 48.37), (1, 48.37), (4, 367.72), (4, 367.72), (6, 780.5), (6, 780.5), (4, 367.72), (4, 367.72), (4, 367.72), (4, 367.72), (7, 838.21), (4, 367.72), (4, 367.72), (4, 367.72)
(5, 356.29), (1, 95.8), (2, 819.7), (3, 465.17), (4, 405.79), (5, 356.29), (6, 832.63), (7, 880.01), (1, 95.8), (1, 95.8), (1, 95.8), (1, 95.8), (1, 95.8), (1, 95.8), (2, 819.7), (4, 405.79), (2, 819.7), (3, 465.17), (4, 405.79), (2, 819.7), (5, 356.29), (3, 465.17), (3, 465.17), (3, 465.17), (3, 465.17), (3, 465.17), (4, 405.79), (4, 405.79), (4, 405.79), (4, 405.79), (4, 405.79), (4, 405.79), (5, 356.29), (5, 356.29), (5, 356.29), (5, 356.29), (5, 356.29), (5, 356.29), (4, 405.79), (4, 405.79), (6, 832.63), (6, 832.63), (4, 405.79), (4, 405.79), (4, 405.79), (4, 405.79), (4, 405.79), (4, 405.79), (4, 405.79), (4, 405.79)
(5, 479.74), (1, 54.41), (2, 901.4), (3, 575.3), (4, 467.55), (5, 479.74), (6, 880.68), (7, 938.7), (1, 54.41), (1, 54.41), (1, 54.41), (1, 54.41), (1, 54.41), (1, 54.41), (1, 54.41), (1, 54.41), (1, 54.41), (1, 54.41), (1, 54.41), (1, 54.41), (1, 54.41), (3, 575.3), (1, 54.41), (1, 54.41), (1, 54.41), (1, 54.41), (1, 54.41), (1, 54.41), (1, 54.41), (1, 54.41), (1, 54.41), (1, 54.41), (5, 479.74), (5, 479.74), (1, 54.41), (1, 54.41), (1, 54.41), (1, 54.41), (1, 54.41), (1, 54.41), (6, 880.68), (6, 880.68), (1, 54.41), (1, 54.41), (1, 54.41), (4, 467.55), (1, 54.41), (1, 54.41), (1, 54.41), (1, 54.41)
(2, 29.27), (1, 869.12), (2, 29.27), (3, 433.13), (4, 466.96), (5, 687.38), (6, 300.37), (7, 225.64), (2, 29.27), (1, 869.12), (1, 869.12), (2, 29.27), (2, 29.27), (1, 869.12), (2, 29.27), (2, 29.27), (2, 29.27), (2, 29.27), (2, 29.27), (2, 29.27), (3, 433.13), (2, 29.27), (2, 29.27), (3, 433.13), (2, 29.27), (3, 433.13), (2, 29.27), (4, 466.96), (2, 29.27), (2, 29.27), (2, 29.27), (2, 29.27), (3, 433.13), (3, 433.13), (3, 433.13), (3, 433.13), (3, 433.13), (3, 433.13), (2, 29.27), (2, 29.27), (7, 225.64), (7, 225.64), (2, 29.27), (7, 225.64), (2, 29.27), (2, 29.27), (2, 29.27), (2, 29.27), (2, 29.27), (2, 29.27)
(2, 49.37), (1, 825.94), (2, 49.37), (3, 382.66), (4, 428.9), (5, 636.84), (6, 315.33), (7, 252.72), (4, 428.9), (1, 825.94), (1, 825.94), (4, 428.9), (4, 428.9), (1, 825.94), (2, 49.37), (2, 49.37), (2, 49.37), (2, 49.37), (2, 49.37), (2, 49.37), (3, 382.66), (3, 382.66), (3, 382.66), (3, 382.66), (3, 382.66), (3, 382.66), (2, 49.37), (4, 428.9), (4, 428.9), (2, 49.37), (2, 49.37), (2, 49.37), (3, 382.66), (3, 382.66), (3, 382.66), (3, 382.66), (3, 382.66), (3, 382.66), (2, 49.37), (2, 49.37), (7, 252.72), (7, 252.72), (2, 49.37), (2, 49.37), (2, 49.37), (2, 49.37), (2, 49.37), (2, 49.37), (2, 49.37), (2, 49.37)
(2, 30.36), (1, 870.84), (2, 30.36), (3, 453.11), (4, 463.61), (5, 708.52), (6, 264.2), (7, 187.2), (4, 463.61), (1, 870.84), (2, 30.36), (4, 463.61), (2, 30.36), (1, 870.84), (2, 30.36), (2, 30.36), (2, 30.36), (2, 30.36), (2, 30.36), (2, 30.36), (2, 30.36), (2, 30.36), (2, 30.36), (2, 30.36), (2, 30.36), (2, 30.36), (2, 30.36), (4, 463.61), (2, 30.36), (2, 30.36), (2, 30.36), (2, 30.36), (2, 30.36), (2, 30.36), (2, 30.36), (3, 453.11), (2, 30.36), (2, 30.36), (2, 30.36), (2, 30.36), (7, 187.2), (7, 187.2), (2, 30.36), (7, 187.2), (7, 187.2), (2, 30.36), (7, 187.2), (7, 187.2), (2, 30.36), (2, 30.36)
(2, 74.89), (1, 877.95), (2, 74.89), (3, 419.22), (4, 484.15), (5, 670.05), (6, 350.14), (7, 275.8), (4, 484.15), (1, 877.95), (1, 877.95), (4, 484.15), (3, 419.22), (1, 877.95), (2, 74.89), (2, 74.89), (2, 74.89), (2, 74.89), (2, 74.89), (2, 74.89), (3, 419.22), (3, 419.22), (3, 419.22), (3, 419.22), (3, 419.22), (3, 419.22), (2, 74.89), (4, 484.15), (2, 74.89), (2, 74.89), (2, 74.89), (2, 74.89), (3, 419.22), (3, 419.22), (3, 419.22), (3, 419.22), (3, 419.22), (3, 419.22), (2, 74.89), (2, 74.89), (7, 275.8), (7, 275.8), (2, 74.89), (7, 275.8), (2, 74.89), (2, 74.89), (2, 74.89), (2, 74.89), (2, 74.89), (2, 74.89)
(2, 89.05), (1, 803.86), (2, 89.05), (3, 430.02), (4, 391.65), (5, 684.19), (6, 193.5), (7, 143.69), (4, 391.65), (1, 803.86), (4, 391.65), (4, 391.65), (4, 391.65), (1, 803.86), (2, 89.05), (2, 89.05), (2, 89.05), (2, 89.05), (2, 89.05), (2, 89.05), (3, 430.02), (3, 430.02), (3, 430.02), (3, 430.02), (3, 430.02), (3, 430.02), (2, 89.05), (4, 391.65), (4, 391.65), (4, 391.65), (4, 391.65), (4, 391.65), (3, 430.02), (3, 430.02), (3, 430.02), (3, 430.02), (3, 430.02), (3, 430.02), (7, 143.69), (6, 193.5), (7, 143.69), (7, 143.69), (6, 193.5), (7, 143.69), (7, 143.69), (7, 143.69), (7, 143.69), (7, 143.69), (7, 143.69), (7, 143.69)
(2, 8.94), (1, 848.2), (2, 8.94), (3, 428.57), (4, 442.31), (5, 684.04), (6, 267.59), (7, 197.59), (4, 442.31), (1, 848.2), (1, 848.2), (4, 442.31), (2, 8.94), (1, 848.2), (2, 8.94), (2, 8.94), (2, 8.94), (2, 8.94), (2, 8.94), (2, 8.94), (3, 428.57), (2, 8.94), (2, 8.94), (2, 8.94), (2, 8.94), (3, 428.57), (2, 8.94), (4, 442.31), (2, 8.94), (2, 8.94), (2, 8.94), (2, 8.94), (3, 428.57), (2, 8.94), (3, 428.57), (3, 428.57), (2, 8.94), (2, 8.94), (2, 8.94), (2, 8.94), (7, 197.59), (7, 197.59), (2, 8.94), (7, 197.59), (2, 8.94), (2, 8.94), (2, 8.94), (7, 197.59), (2, 8.94), (2, 8.94)
(5, 102.08), (1, 475.43), (2, 576.72), (3, 154.98), (4, 373.87), (5, 102.08), (6, 716.63), (7, 718.67), (1, 475.43), (1, 475.43), (1, 475.43), (1, 475.43), (5, 102.08), (1, 475.43), (3, 154.98), (3, 154.98), (2, 576.72), (3, 154.98), (3, 154.98), (3, 154.98), (5, 102.08), (3, 154.98), (3, 154.98), (3, 154.98), (3, 154.98), (3, 154.98), (3, 154.98), (4, 373.87), (4, 373.87), (4, 373.87), (4, 373.87), (4, 373.87), (5, 102.08), (5, 102.08), (5, 102.08), (5, 102.08), (5, 102.08), (5, 102.08), (3, 154.98), (3, 154.98), (3, 154.98), (3, 154.98), (3, 154.98), (7, 718.67), (3, 154.98), (3, 154.98), (3, 154.98), (3, 154.98), (3, 154.98), (3, 154.98)
(3, 30.81), (1, 556.69), (2, 404.31), (3, 30.81), (4, 301.6), (5, 274.61), (6, 562.88), (7, 554.54), (3, 30.81), (3, 30.81), (3, 30.81), (3, 30.81), (3, 30.81), (3, 30.81), (2, 404.31), (3, 30.81), (2, 404.31), (3, 30.81), (3, 30.81), (2, 404.31), (3, 30.81), (3, 30.81), (3, 30.81), (3, 30.81), (3, 30.81), (3, 30.81), (3, 30.81), (3, 30.81), (4, 301.6), (3, 30.81), (3, 30.81), (3, 30.81), (5, 274.61), (3, 30.81), (3, 30.81), (3, 30.81), (3, 30.81), (3, 30.81), (3, 30.81), (3, 30.81), (6, 562.88), (6, 562.88), (3, 30.81), (7, 554.54), (7, 554.54), (2, 404.31), (7, 554.54), (7, 554.54), (2, 404.31), (3, 30.81)
(3, 33.84), (1, 512.99), (2, 407.34), (3, 33.84), (4, 250.06), (5, 275.96), (6, 540.01), (7, 540.71), (1, 512.99), (1, 512.99), (1, 512.99), (3, 33.84), (3, 33.84), (1, 512.99), (2, 407.34), (3, 33.84), (2, 407.34), (3, 33.84), (3, 33.84), (2, 407.34), (3, 33.84), (3, 33.84), (3, 33.84), (3, 33.84), (3, 33.84), (3, 33.84), (3, 33.84), (4, 250.06), (4, 250.06), (4, 250.06), (4, 250.06), (4, 250.06), (5, 275.96), (3, 33.84), (3, 33.84), (3, 33.84), (3, 33.84), (3, 33.84), (3, 33.84), (3, 33.84), (6, 540.01), (6, 540.01), (3, 33.84), (7, 540.71), (7, 540.71), (2, 407.34), (7, 540.71), (7, 540.71), (2, 407.34), (3, 33.84)
(3, 27.29), (1, 500.12), (2, 445.59), (3, 27.29), (4, 274.49), (5, 235.29), (6, 581.06), (7, 581.92), (1, 500.12), (1, 500.12), (1, 500.12), (3, 27.29), (3, 27.29), (1, 500.12), (3, 27.29), (3, 27.29), (2, 445.59), (3, 27.29), (3, 27.29), (2, 445.59), (3, 27.29), (3, 27.29), (3, 27.29), (3, 27.29), (3, 27.29), (3, 27.29), (3, 27.29), (4, 274.49), (4, 274.49), (4, 274.49), (4, 274.49), (4, 274.49), (5, 235.29), (5, 235.29), (3, 27.29), (3, 27.29), (3, 27.29), (3, 27.29), (3, 27.29), (3, 27.29), (3, 27.29), (6, 581.06), (3, 27.29), (7, 581.92), (3, 27.29), (3, 27.29), (3, 27.29), (3, 27.29), (3, 27.29), (3, 27.29)
(3, 38.47), (1, 496.12), (2, 423.61), (3, 38.47), (4, 245.45), (5, 262.43), (6, 550.29), (7, 553.51), (1, 496.12), (1, 496.12), (1, 496.12), (3, 38.47), (3, 38.47), (1, 496.12), (2, 423.61), (3, 38.47), (2, 423.61), (3, 38.47), (3, 38.47), (2, 423.61), (3, 38.47), (3, 38.47), (3, 38.47), (3, 38.47), (3, 38.47), (3, 38.47), (3, 38.47), (4, 245.45), (4, 245.45), (4, 245.45), (4, 245.45), (4, 245.45), (5, 262.43), (3, 38.47), (3, 38.47), (3, 38.47), (3, 38.47), (3, 38.47), (3, 38.47), (3, 38.47), (6, 550.29), (6, 550.29), (3, 38.47), (7, 553.51), (7, 553.51), (2, 423.61), (7, 553.51), (7, 553.51), (2, 423.61), (3, 38.47)
(3, 15.0), (1, 512.6), (2, 436.49), (3, 15.0), (4, 280.03), (5, 242.98), (6, 577.01), (7, 575.89), (1, 512.6), (1, 512.6), (1, 512.6), (3, 15.0), (3, 15.0), (1, 512.6), (3, 15.0), (3, 15.0), (2, 436.49), (3, 15.0), (3, 15.0), (3, 15.0), (3, 15.0), (3, 15.0), (3, 15.0), (3, 15.0), (3, 15.0), (3, 15.0), (3, 15.0), (3, 15.0), (4, 280.03), (4, 280.03), (3, 15.0), (3, 15.0), (5, 242.98), (3, 15.0), (3, 15.0), (3, 15.0), (3, 15.0), (3, 15.0), (3, 15.0), (3, 15.0), (3, 15.0), (3, 15.0), (3, 15.0), (7, 575.89), (3, 15.0), (3, 15.0), (3, 15.0), (3, 15.0), (3, 15.0), (3, 15.0)
(3, 165.56), (1, 436.48), (2, 417.4), (3, 165.56), (4, 117.39), (5, 343.49), (6, 476.35), (7, 500.64), (1, 436.48), (1, 436.48), (1, 436.48), (1, 436.48), (4, 117.39), (1, 436.48), (2, 417.4), (2, 417.4), (2, 417.4), (2, 417.4), (2, 417.4), (2, 417.4), (3, 165.56), (3, 165.56), (3, 165.56), (3, 165.56), (3, 165.56), (3, 165.56), (4, 117.39), (4, 117.39), (4, 117.39), (4, 117.39), (4, 117.39), (4, 117.39), (5, 343.49), (5, 343.49), (3, 165.56), (3, 165.56), (3, 165.56), (3, 165.56), (4, 117.39), (4, 117.39), (6, 476.35), (6, 476.35), (4, 117.39), (7, 500.64), (7, 500.64), (2, 417.4), (7, 500.64), (7, 500.64), (7, 500.64), (4, 117.39)
(3, 289.4), (1, 389.22), (2, 466.45), (3, 289.4), (4, 24.41), (5, 431.97), (6, 450.2), (7, 498.22), (1, 389.22), (1, 389.22), (1, 389.22), (4, 24.41), (4, 24.41), (1, 389.22), (4, 24.41), (4, 24.41), (4, 24.41), (4, 24.41), (4, 24.41), (4, 24.41), (4, 24.41), (3, 289.4), (4, 24.41), (4, 24.41), (4, 24.41), (3, 289.4), (4, 24.41), (4, 24.41), (4, 24.41), (4, 24.41), (4, 24.41), (4, 24.41), (5, 431.97), (5, 431.97), (4, 24.41), (4, 24.41), (4, 24.41), (4, 24.41), (4, 24.41), (4, 24.41), (6, 450.2), (6, 450.2), (4, 24.41), (4, 24.41), (4, 24.41), (4, 24.41), (4, 24.41), (4, 24.41), (4, 24.41), (4, 24.41)
(3, 323.17), (1, 427.62), (2, 444.53), (3, 323.17), (4, 43.38), (5, 482.28), (6, 403.97), (7, 457.7), (4, 43.38), (1, 427.62), (1, 427.62), (4, 43.38), (4, 43.38), (1, 427.62), (2, 444.53), (4, 43.38), (2, 444.53), (2, 444.53), (4, 43.38), (2, 444.53), (4, 43.38), (4, 43.38), (4, 43.38), (4, 43.38), (4, 43.38), (4, 43.38), (4, 43.38), (4, 43.38), (4, 43.38), (4, 43.38), (4, 43.38), (4, 43.38), (5, 482.28), (4, 43.38), (4, 43.38), (4, 43.38), (4, 43.38), (4, 43.38), (4, 43.38), (4, 43.38), (6, 403.97), (6, 403.97), (4, 43.38), (7, 457.7), (7, 457.7), (4, 43.38), (7, 457.7), (6, 403.97), (7, 457.7), (4, 43.38)
(3, 371.18), (1, 467.4), (2, 435.71), (3, 371.18), (4, 100.69), (5, 540.27), (6, 361.09), (7, 423.45), (1, 467.4), (1, 467.4), (1, 467.4), (4, 100.69), (4, 100.69), (1, 467.4), (2, 435.71), (2, 435.71), (2, 435.71), (2, 435.71), (4, 100.69), (2, 435.71), (4, 100.69), (3, 371.18), (4, 100.69), (4, 100.69), (4, 100.69), (4, 100.69), (4, 100.69), (4, 100.69), (4, 100.69), (4, 100.69), (4, 100.69), (4, 100.69), (4, 100.69), (4, 100.69), (4, 100.69), (4, 100.69), (4, 100.69), (4, 100.69), (6, 361.09), (6, 361.09), (6, 361.09), (6, 361.09), (6, 361.09), (6, 361.09), (7, 423.45), (7, 423.45), (7, 423.45), (6, 361.09), (7, 423.45), (4, 100.69)
(3, 297.85), (1, 453.28), (2, 410.02), (3, 297.85), (4, 42.95), (5, 473.26), (6, 385.55), (7, 433.15), (4, 42.95), (1, 453.28), (1, 453.28), (4, 42.95), (4, 42.95), (1, 453.28), (2, 410.02), (2, 410.02), (2, 410.02), (2, 410.02), (4, 42.95), (2, 410.02), (4, 42.95), (3, 297.85), (4, 42.95), (4, 42.95), (4, 42.95), (3, 297.85), (4, 42.95), (4, 42.95), (4, 42.95), (4, 42.95), (4, 42.95), (4, 42.95), (5, 473.26), (5, 473.26), (4, 42.95), (4, 42.95), (4, 42.95), (4, 42.95), (4, 42.95), (4, 42.95), (6, 385.55), (6, 385.55), (4, 42.95), (7, 433.15), (7, 433.15), (7, 433.15), (7, 433.15), (6, 385.55), (7, 433.15), (4, 42.95)
(3, 328.16), (1, 462.4), (2, 414.91), (3, 328.16), (4, 66.07), (5, 502.86), (6, 369.42), (7, 422.97), (4, 66.07), (1, 462.4), (1, 462.4), (4, 66.07), (4, 66.07), (1, 462.4), (2, 414.91), (2, 414.91), (2, 414.91), (2, 414.91), (4, 66.07), (2, 414.91), (4, 66.07), (3, 328.16), (4, 66.07), (4, 66.07), (4, 66.07), (3, 328.16), (4, 66.07), (4, 66.07), (4, 66.07), (4, 66.07), (4, 66.07), (4, 66.07), (5, 502.86), (4, 66.07), (4, 66.07), (4, 66.07), (4, 66.07), (4, 66.07), (6, 369.42), (6, 369.42), (6, 369.42), (6, 369.42), (6, 369.42), (7, 422.97), (7, 422.97), (7, 422.97), (7, 422.97), (6, 369.42), (7, 422.97), (4, 66.07)
(5, 27.86), (1, 464.98), (2, 698.16), (3, 276.7), (4, 467.31), (5, 27.86), (6, 833.94), (7, 839.19), (5, 27.86), (5, 27.86), (5, 27.86), (5, 27.86), (5, 27.86), (5, 27.86), (3, 276.7), (3, 276.7), (2, 698.16), (3, 276.7), (3, 276.7), (3, 276.7), (5, 27.86), (5, 27.86), (5, 27.86), (5, 27.86), (5, 27.86), (5, 27.86), (5, 27.86), (5, 27.86), (5, 27.86), (4, 467.31), (5, 27.86), (5, 27.86), (5, 27.86), (5, 27.86), (5, 27.86), (5, 27.86), (5, 27.86), (5, 27.86), (5, 27.86), (5, 27.86), (5, 27.86), (5, 27.86), (5, 27.86), (7, 839.19), (3, 276.7), (3, 276.7), (3, 276.7), (5, 27.86), (3, 276.7), (3, 276.7)
(5, 60.83), (1, 502.49), (2, 700.66), (3, 283.8), (4, 492.7), (5, 60.83), (6, 847.76), (7, 848.8), (5, 60.83), (5, 60.83), (5, 60.83), (5, 60.83), (5, 60.83), (5, 60.83), (3, 283.8), (3, 283.8), (2, 700.66), (3, 283.8), (3, 283.8), (2, 700.66), (5, 60.83), (3, 283.8), (3, 283.8), (5, 60.83), (3, 283.8), (3, 283.8), (5, 60.83), (5, 60.83), (4, 492.7), (4, 492.7), (5, 60.83), (4, 492.7), (5, 60.83), (5, 60.83), (5, 60.83), (5, 60.83), (5, 60.83), (5, 60.83), (3, 283.8), (3, 283.8), (3, 283.8), (3, 283.8), (3, 283.8), (3, 283.8), (3, 283.8), (3, 283.8), (3, 283.8), (3, 283.8), (3, 283.8), (3, 283.8)
(5, 71.45), (1, 483.82), (2, 612.8), (3, 193.08), (4, 410.91), (5, 71.45), (6, 756.52), (7, 757.72), (1, 483.82), (1, 483.82), (5, 71.45), (5, 71.45), (5, 71.45), (1, 483.82), (3, 193.08), (3, 193.08), (2, 612.8), (3, 193.08), (3, 193.08), (3, 193.08), (5, 71.45), (3, 193.08), (3, 193.08), (3, 193.08), (3, 193.08), (3, 193.08), (3, 193.08), (4, 410.91), (4, 410.91), (4, 410.91), (4, 410.91), (4, 410.91), (5, 71.45), (5, 71.45), (5, 71.45), (5, 71.45), (5, 71.45), (5, 71.45), (3, 193.08), (3, 193.08), (3, 193.08), (3, 193.08), (3, 193.08), (3, 193.08), (3, 193.08), (3, 193.08), (3, 193.08), (3, 193.08), (3, 193.08), (3, 193.08)
(5, 57.04), (1, 433.24), (2, 626.1), (3, 203.07), (4, 385.5), (5, 57.04), (6, 752.06), (7, 759.9), (1, 433.24), (1, 433.24), (1, 433.24), (1, 433.24), (5, 57.04), (1, 433.24), (3, 203.07), (3, 203.07), (3, 203.07), (3, 203.07), (3, 203.07), (3, 203.07), (5, 57.04), (3, 203.07), (3, 203.07), (3, 203.07), (3, 203.07), (3, 203.07), (3, 203.07), (4, 385.5), (4, 385.5), (4, 385.5), (4, 385.5), (4, 385.5), (5, 57.04), (5, 57.04), (5, 57.04), (5, 57.04), (5, 57.04), (5, 57.04), (3, 203.07), (3, 203.07), (6, 752.06), (6, 752.06), (3, 203.07), (7, 759.9), (3, 203.07), (3, 203.07), (3, 203.07), (3, 203.07), (3, 203.07), (3, 203.07)
(5, 114.06), (1, 375.47), (2, 611.36), (3, 197.44), (4, 327.92), (5, 114.06), (6, 713.75), (7, 729.54), (1, 375.47), (1, 375.47), (1, 375.47), (1, 375.47), (5, 114.06), (1, 375.47), (3, 197.44), (3, 197.44), (2, 611.36), (3, 197.44), (3, 197.44), (2, 611.36), (5, 114.06), (3, 197.44), (3, 197.44), (3, 197.44), (3, 197.44), (3, 197.44), (3, 197.44), (4, 327.92), (4, 327.92), (4, 327.92), (4, 327.92), (4, 327.92), (5, 114.06), (5, 114.06), (5, 114.06), (5, 114.06), (5, 114.06), (5, 114.06), (3, 197.44), (4, 327.92), (6, 713.75), (6, 713.75), (4, 327.92), (7, 729.54), (7, 729.54), (3, 197.44), (7, 729.54), (3, 197.44), (3, 197.44), (3, 197.44)
(5, 94.18), (1, 361.65), (2, 656.37), (3, 240.48), (4, 363.92), (5, 94.18), (6, 757.01), (7, 774.14), (1, 361.65), (1, 361.65), (1, 361.65), (1, 361.65), (5, 94.18), (1, 361.65), (3, 240.48), (3, 240.48), (2, 656.37), (3, 240.48), (3, 240.48), (2, 656.37), (5, 94.18), (3, 240.48), (3, 240.48), (3, 240.48), (3, 240.48), (3, 240.48), (3, 240.48), (4, 363.92), (4, 363.92), (4, 363.92), (4, 363.92), (4, 363.92), (5, 94.18), (5, 94.18), (5, 94.18), (5, 94.18), (5, 94.18), (5, 94.18), (3, 240.48), (4, 363.92), (6, 757.01), (6, 757.01), (4, 363.92), (7, 774.14), (7, 774.14), (3, 240.48), (7, 774.14), (3, 240.48), (3, 240.48), (3, 240.48)
(2, 183.1), (1, 815.49), (2, 183.1), (3, 500.12), (4, 404.09), (5, 748.59), (6, 93.51), (7, 71.34), (4, 404.09), (1, 815.49), (4, 404.09), (4, 404.09), (4, 404.09), (1, 815.49), (2, 183.1), (2, 183.1), (2, 183.1), (2, 183.1), (7, 71.34), (2, 183.1), (3, 500.12), (3, 500.12), (3, 500.12), (3, 500.12), (3, 500.12), (3, 500.12), (4, 404.09), (4, 404.09), (4, 404.09), (6, 93.51), (4, 404.09), (6, 93.51), (5, 748.59), (3, 500.12), (3, 500.12), (3, 500.12), (3, 500.12), (3, 500.12), (7, 71.34), (6, 93.51), (7, 71.34), (7, 71.34), (6, 93.51), (7, 71.34), (7, 71.34), (7, 71.34), (7, 71.34), (7, 71.34), (7, 71.34), (7, 71.34)
(3, 528.65), (1, 766.42), (2, 287.28), (3, 528.65), (4, 369.79), (5, 762.76), (6, 62.97), (7, 148.93), (4, 369.79), (1, 766.42), (1, 766.42), (4, 369.79), (4, 369.79), (1, 766.42), (2, 287.28), (2, 287.28), (2, 287.28), (2, 287.28), (6, 62.97), (2, 287.28), (3, 528.65), (3, 528.65), (3, 528.65), (3, 528.65), (3, 528.65), (3, 528.65), (4, 369.79), (4, 369.79), (4, 369.79), (6, 62.97), (4, 369.79), (6, 62.97), (5, 762.76), (3, 528.65), (3, 528.65), (3, 528.65), (4, 369.79), (4, 369.79), (6, 62.97), (6, 62.97), (6, 62.97), (6, 62.97), (6, 62.97), (6, 62.97), (7, 148.93), (7, 148.93), (7, 148.93), (6, 62.97), (7, 148.93), (6, 62.97)
(7, 89.87), (1, 909.22), (2, 296.18), (3, 633.81), (4, 508.38), (5, 879.37), (6, 80.8), (7, 89.87), (6, 80.8), (6, 80.8), (6, 80.8), (6, 80.8), (6, 80.8), (6, 80.8), (7, 89.87), (7, 89.87), (7, 89.87), (7, 89.87), (7, 89.87), (7, 89.87), (3, 633.81), (6, 80.8), (6, 80.8), (3, 633.81), (6, 80.8), (3, 633.81), (6, 80.8), (6, 80.8), (6, 80.8), (6, 80.8), (6, 80.8), (6, 80.8), (5, 879.37), (3, 633.81), (3, 633.81), (6, 80.8), (6, 80.8), (6, 80.8), (7, 89.87), (6, 80.8), (6, 80.8), (6, 80.8), (6, 80.8), (7, 89.87), (7, 89.87), (7, 89.87), (7, 89.87), (7, 89.87), (7, 89.87), (7, 89.87)
(7, 92.8), (1, 906.2), (2, 298.81), (3, 633.58), (4, 506.0), (5, 878.65), (6, 77.94), (7, 92.8), (6, 77.94), (6, 77.94), (6, 77.94), (6, 77.94), (6, 77.94), (6, 77.94), (7, 92.8), (7, 92.8), (7, 92.8), (7, 92.8), (7, 92.8), (7, 92.8), (3, 633.58), (6, 77.94), (6, 77.94), (6, 77.94), (6, 77.94), (3, 633.58), (6, 77.94), (6, 77.94), (6, 77.94), (6, 77.94), (6, 77.94), (6, 77.94), (5, 878.65), (3, 633.58), (3, 633.58), (6, 77.94), (6, 77.94), (6, 77.94), (7, 92.8), (6, 77.94), (6, 77.94), (6, 77.94), (6, 77.94), (7, 92.8), (7, 92.8), (7, 92.8), (7, 92.8), (7, 92.8), (7, 92.8), (7, 92.8)
(3, 519.55), (1, 784.94), (2, 251.84), (3, 519.55), (4, 381.53), (5, 759.42), (6, 49.65), (7, 114.23), (4, 381.53), (1, 784.94), (1, 784.94), (4, 381.53), (4, 381.53), (1, 784.94), (2, 251.84), (2, 251.84), (2, 251.84), (2, 251.84), (6, 49.65), (2, 251.84), (3, 519.55), (3, 519.55), (3, 519.55), (3, 519.55), (3, 519.55), (3, 519.55), (4, 381.53), (4, 381.53), (4, 381.53), (6, 49.65), (4, 381.53), (6, 49.65), (5, 759.42), (3, 519.55), (3, 519.55), (3, 519.55), (4, 381.53), (4, 381.53), (6, 49.65), (6, 49.65), (6, 49.65), (6, 49.65), (6, 49.65), (6, 49.65), (7, 114.23), (7, 114.23), (7, 114.23), (6, 49.65), (7, 114.23), (6, 49.65)
(7, 47.1), (1, 918.38), (2, 249.62), (3, 611.26), (4, 510.71), (5, 861.18), (6, 103.25), (7, 47.1), (4, 510.71), (1, 918.38), (1, 918.38), (4, 510.71), (4, 510.71), (1, 918.38), (7, 47.1), (2, 249.62), (7, 47.1), (7, 47.1), (7, 47.1), (7, 47.1), (7, 47.1), (7, 47.1), (7, 47.1), (7, 47.1), (7, 47.1), (7, 47.1), (7, 47.1), (4, 510.71), (7, 47.1), (6, 103.25), (7, 47.1), (7, 47.1), (7, 47.1), (3, 611.26), (3, 611.26), (7, 47.1), (7, 47.1), (7, 47.1), (7, 47.1), (6, 103.25), (7, 47.1), (7, 47.1), (6, 103.25), (7, 47.1), (7, 47.1), (7, 47.1), (7, 47.1), (7, 47.1), (7, 47.1), (7, 47.1)
(2, 205.65), (1, 928.57), (2, 205.65), (3, 590.81), (4, 516.74), (5, 843.99), (6, 143.28), (7, 47.54), (4, 516.74), (1, 928.57), (4, 516.74), (4, 516.74), (4, 516.74), (1, 928.57), (2, 205.65), (2, 205.65), (7, 47.54), (2, 205.65), (7, 47.54), (2, 205.65), (3, 590.81), (7, 47.54), (7, 47.54), (3, 590.81), (7, 47.54), (3, 590.81), (7, 47.54), (4, 516.74), (7, 47.54), (7, 47.54), (7, 47.54), (7, 47.54), (3, 590.81), (3, 590.81), (3, 590.81), (3, 590.81), (7, 47.54), (7, 47.54), (7, 47.54), (7, 47.54), (7, 47.54), (7, 47.54), (7, 47.54), (7, 47.54), (7, 47.54), (7, 47.54), (7, 47.54), (7, 47.54), (7, 47.54), (7, 47.54)
(2, 143.59), (1, 904.61), (2, 143.59), (3, 540.24), (4, 491.19), (5, 795.02), (6, 173.08), (7, 78.03), (4, 491.19), (4, 491.19), (4, 491.19), (4, 491.19), (4, 491.19), (4, 491.19), (2, 143.59), (2, 143.59), (2, 143.59), (2, 143.59), (7, 78.03), (2, 143.59), (3, 540.24), (2, 143.59), (2, 143.59), (3, 540.24), (2, 143.59), (3, 540.24), (2, 143.59), (4, 491.19), (4, 491.19), (7, 78.03), (7, 78.03), (7, 78.03), (3, 540.24), (3, 540.24), (3, 540.24), (3, 540.24), (3, 540.24), (3, 540.24), (7, 78.03), (7, 78.03), (7, 78.03), (7, 78.03), (7, 78.03), (7, 78.03), (7, 78.03), (7, 78.03), (7, 78.03), (7, 78.03), (7, 78.03), (7, 78.03)
(2, 207.06), (1, 914.62), (2, 207.06), (3, 583.65), (4, 503.31), (5, 836.03), (6, 127.1), (7, 31.3), (7, 31.3), (1, 914.62), (4, 503.31), (7, 31.3), (4, 503.31), (1, 914.62), (2, 207.06), (2, 207.06), (7, 31.3), (2, 207.06), (7, 31.3), (2, 207.06), (3, 583.65), (7, 31.3), (7, 31.3), (3, 583.65), (7, 31.3), (3, 583.65), (7, 31.3), (4, 503.31), (7, 31.3), (7, 31.3), (7, 31.3), (7, 31.3), (3, 583.65), (3, 583.65), (3, 583.65), (3, 583.65), (7, 31.3), (7, 31.3), (7, 31.3), (7, 31.3), (7, 31.3), (7, 31.3), (7, 31.3), (7, 31.3), (7, 31.3), (7, 31.3), (7, 31.3), (7, 31.3), (7, 31.3), (7, 31.3)
(2, 231.4), (1, 865.77), (2, 231.4), (3, 566.95), (4, 458.22), (5, 814.65), (6, 63.07), (7, 36.5), (4, 458.22), (1, 865.77), (1, 865.77), (4, 458.22), (4, 458.22), (1, 865.77), (2, 231.4), (2, 231.4), (7, 36.5), (2, 231.4), (7, 36.5), (7, 36.5), (3, 566.95), (7, 36.5), (7, 36.5), (3, 566.95), (7, 36.5), (3, 566.95), (7, 36.5), (4, 458.22), (6, 63.07), (6, 63.07), (6, 63.07), (6, 63.07), (5, 814.65), (3, 566.95), (3, 566.95), (3, 566.95), (3, 566.95), (3, 566.95), (7, 36.5), (6, 63.07), (7, 36.5), (7, 36.5), (6, 63.07), (7, 36.5), (7, 36.5), (7, 36.5), (7, 36.5), (7, 36.5), (7, 36.5), (7, 36.5)
(2, 204.06), (1, 971.71), (2, 204.06), (3, 611.41), (4, 558.62), (5, 866.47), (6, 197.65), (7, 101.14), (4, 558.62), (1, 971.71), (4, 558.62), (4, 558.62), (4, 558.62), (1, 971.71), (2, 204.06), (2, 204.06), (2, 204.06), (2, 204.06), (7, 101.14), (2, 204.06), (3, 611.41), (2, 204.06), (2, 204.06), (3, 611.41), (2, 204.06), (3, 611.41), (7, 101.14), (4, 558.62), (7, 101.14), (7, 101.14), (7, 101.14), (7, 101.14), (3, 611.41), (3, 611.41), (3, 611.41), (3, 611.41), (3, 611.41), (3, 611.41), (7, 101.14), (7, 101.14), (7, 101.14), (7, 101.14), (7, 101.14), (7, 101.14), (7, 101.14), (7, 101.14), (7, 101.14), (7, 101.14), (7, 101.14), (7, 101.14)
(2, 159.15), (1, 791.32), (2, 159.15), (3, 463.6), (4, 378.41), (5, 712.9), (6, 125.2), (7, 103.73), (4, 378.41), (1, 791.32), (4, 378.41), (4, 378.41), (4, 378.41), (1, 791.32), (2, 159.15), (2, 159.15), (2, 159.15), (2, 159.15), (7, 103.73), (2, 159.15), (3, 463.6), (3, 463.6), (3, 463.6), (3, 463.6), (3, 463.6), (3, 463.6), (4, 378.41), (4, 378.41), (4, 378.41), (4, 378.41), (4, 378.41), (4, 378.41), (3, 463.6), (3, 463.6), (3, 463.6), (3, 463.6), (3, 463.6), (3, 463.6), (7, 103.73), (6, 125.2), (7, 103.73), (7, 103.73), (6, 125.2), (7, 103.73), (7, 103.73), (7, 103.73), (7, 103.73), (7, 103.73), (7, 103.73), (7, 103.73)
% Distances 
0.0, 886.08, 759.64, 489.56, 770.85, 439.66, 994.9, 956.85, 893.85, 933.76, 917.53, 877.64, 795.73, 918.98, 750.95, 710.37, 786.65, 709.08, 814.01, 768.24, 429.95, 475.72, 523.14, 496.41, 525.73, 490.98, 653.52, 775.07, 812.2, 860.68, 787.38, 817.61, 422.98, 386.16, 409.22, 457.92, 523.69, 526.64, 908.58, 971.94, 1041.76, 1043.17, 951.89, 1003.13, 964.34, 902.92, 963.83, 972.29, 961.69, 872.47
886.08, 0.0, 847.03, 525.93, 413.42, 446.54, 828.42, 885.27, 24.0, 81.22, 99.57, 48.37, 95.8, 54.41, 869.12, 825.94, 870.84, 877.95, 803.86, 848.2, 475.43, 556.69, 512.99, 500.12, 496.12, 512.6, 436.48, 389.22, 427.62, 467.4, 453.28, 462.4, 464.98, 502.49, 483.82, 433.24, 375.47, 361.65, 815.49, 766.42, 909.22, 906.2, 784.94, 918.38, 928.57, 904.61, 914.62, 865.77, 971.71, 791.32
759.64, 847.03, 0.0, 423.08, 442.33, 678.39, 275.95, 206.52, 833.92, 928.04, 939.68, 804.02, 819.7, 901.4, 29.27, 49.37, 30.36, 74.89, 89.05, 8.94, 576.72, 404.31, 407.34, 445.59, 423.61, 436.49, 417.4, 466.45, 444.53, 435.71, 410.02, 414.91, 698.16, 700.66, 612.8, 626.1, 611.36, 656.37, 183.1, 287.28, 296.18, 298.81, 251.84, 249.62, 205.65, 143.59, 207.06, 231.4, 204.06, 159.15
489.56, 525.93, 423.08, 0.0, 282.69, 255.7, 568.23, 565.13, 522.32, 598.84, 598.84, 496.42, 465.17, 575.3, 433.13, 382.66, 453.11, 419.22, 430.02, 428.57, 154.98, 30.81, 33.84, 27.29, 38.47, 15.0, 165.56, 289.4, 323.17, 371.18, 297.85, 328.16, 276.7, 283.8, 193.08, 203.07, 197.44, 240.48, 500.12, 528.65, 633.81, 633.58, 519.55, 611.26, 590.81, 540.24, 583.65, 566.95, 611.41, 463.6
770.85, 413.42, 442.33, 282.69, 0.0, 439.58, 428.46, 474.77, 397.68, 494.45, 510.53, 367.72, 405.79, 467.55, 466.96, 428.9, 463.61, 484.15, 391.65, 442.31, 373.87, 301.6, 250.06, 274.49, 245.45, 280.03, 117.39, 24.41, 43.38, 100.69, 42.95, 66.07, 467.31, 492.7, 410.91, 385.5, 327.92, 363.92, 404.09, 369.79, 508.38, 506.0, 381.53, 510.71, 516.74, 491.19, 503.31, 458.22, 558.62, 378.41
439.66, 446.54, 678.39, 255.7, 439.58, 0.0, 808.97, 815.88, 454.95, 495.39, 481.14, 440.17, 356.29, 479.74, 687.38, 636.84, 708.52, 670.05, 684.19, 684.04, 102.08, 274.61, 275.96, 235.29, 262.43, 242.98, 343.49, 431.97, 482.28, 540.27, 473.26, 502.86, 27.86, 60.83, 71.45, 57.04, 114.06, 94.18, 748.59, 762.76, 879.37, 878.65, 759.42, 861.18, 843.99, 795.02, 836.03, 814.65, 866.47, 712.9
994.9, 828.42, 275.95, 568.23, 428.46, 808.97, 0.0, 99.41, 809.46, 907.21, 927.8, 780.5, 832.63, 880.68, 300.37, 315.33, 264.2, 350.14, 193.5, 267.59, 716.63, 562.88, 540.01, 581.06, 550.29, 577.01, 476.35, 450.2, 403.97, 361.09, 385.55, 369.42, 833.94, 847.76, 756.52, 752.06, 713.75, 757.01, 93.51, 62.97, 80.8, 77.94, 49.65, 103.25, 143.28, 173.08, 127.1, 63.07, 197.65, 125.2
956.85, 885.27, 206.52, 565.13, 474.77, 815.88, 99.41, 0.0, 867.8, 965.52, 983.68, 838.21, 880.01, 938.7, 225.64, 252.72, 187.2, 275.8, 143.69, 197.59, 718.67, 554.54, 540.71, 581.92, 553.51, 575.89, 500.64, 498.22, 457.7, 423.45, 433.15, 422.97, 839.19, 848.8, 757.72, 759.9, 729.54, 774.14, 71.34, 148.93, 89.87, 92.8, 114.23, 47.1, 47.54, 78.03, 31.3, 36.5, 101.14, 103.73
893.85, 24.0, 833.92, 522.32, 397.68, 454.95, 809.46, 867.8, 0.0, 97.84, 120.31, 30.0, 111.76, 71.22, 856.47, 813.94, 857.29, 866.48, 788.91, 834.88, 478.9, 552.97, 507.96, 496.94, 491.41, 509.31, 426.24, 373.36, 410.14, 448.38, 436.84, 444.84, 474.38, 511.96, 489.2, 438.8, 378.97, 367.9, 798.32, 747.26, 890.22, 887.14, 766.44, 900.3, 911.46, 888.61, 897.35, 847.73, 955.2, 774.77
933.76, 81.22, 928.04, 598.84, 494.45, 495.39, 907.21, 965.52, 97.84, 0.0, 34.21, 127.31, 141.17, 26.91, 950.0, 906.56, 951.96, 958.3, 885.06, 929.27, 536.05, 629.64, 587.82, 572.49, 570.6, 585.08, 516.36, 470.21, 507.83, 546.14, 534.07, 542.55, 510.78, 547.67, 540.05, 489.56, 437.06, 417.31, 895.94, 844.96, 987.96, 984.86, 864.27, 998.12, 1009.06, 985.61, 995.01, 945.56, 1052.52, 872.1
917.53, 99.57, 939.68, 598.84, 510.53, 481.14, 927.8, 983.68, 120.31, 34.21, 0.0, 147.87, 134.54, 52.17, 960.96, 916.65, 964.22, 967.57, 899.42, 941.21, 527.64, 629.58, 589.68, 572.12, 572.18, 584.76, 525.23, 486.51, 526.27, 566.85, 551.04, 561.09, 495.07, 531.48, 529.19, 479.04, 429.87, 407.0, 913.64, 865.86, 1008.6, 1005.61, 884.11, 1017.26, 1026.65, 1001.49, 1012.85, 964.64, 1069.15, 888.88
877.64, 48.37, 804.02, 496.42, 367.72, 440.17, 780.5, 838.21, 30.0, 127.31, 147.87, 0.0, 112.29, 100.5, 826.62, 784.22, 827.34, 836.86, 758.92, 804.95, 458.81, 526.98, 481.2, 471.38, 464.85, 483.66, 397.08, 343.41, 380.52, 419.42, 406.97, 415.25, 460.72, 498.26, 470.98, 420.9, 359.2, 351.01, 768.64, 718.4, 861.28, 858.23, 737.24, 870.92, 881.77, 858.7, 867.7, 818.34, 925.37, 744.95
795.73, 95.8, 819.7, 465.17, 405.79, 356.29, 832.63, 880.01, 111.76, 141.17, 134.54, 112.29, 0.0, 123.56, 839.59, 793.81, 845.43, 843.16, 785.71, 821.84, 395.0, 495.85, 457.23, 438.31, 439.55, 450.96, 402.46, 383.04, 428.92, 476.89, 448.2, 463.28, 373.16, 410.47, 399.01, 348.47, 296.33, 276.23, 809.0, 772.38, 913.07, 910.49, 786.62, 916.49, 921.0, 891.16, 908.04, 864.01, 960.58, 781.65
918.98, 54.41, 901.4, 575.3, 467.55, 479.74, 880.68, 938.7, 71.22, 26.91, 52.17, 100.5, 123.56, 0.0, 923.43, 880.13, 925.24, 932.0, 858.19, 902.58, 516.61, 606.11, 563.6, 549.13, 546.5, 561.69, 490.24, 443.3, 481.0, 519.59, 507.17, 515.74, 496.16, 533.33, 522.06, 471.46, 417.15, 399.27, 869.08, 818.48, 961.44, 958.36, 837.62, 971.39, 982.2, 958.7, 968.17, 918.82, 1025.62, 845.21
750.95, 869.12, 29.27, 433.13, 466.96, 687.38, 300.37, 225.64, 856.47, 950.0, 960.96, 826.62, 839.59, 923.43, 0.0, 50.54, 38.59, 50.33, 117.39, 35.11, 585.4, 412.78, 419.36, 456.55, 436.08, 446.94, 437.14, 490.94, 470.55, 463.23, 435.64, 441.48, 706.34, 707.33, 620.63, 636.1, 624.26, 669.07, 208.43, 314.53, 315.5, 318.42, 278.51, 266.69, 219.42, 157.08, 222.77, 252.87, 210.76, 186.5
710.37, 825.94, 49.37, 382.66, 428.9, 636.84, 315.33, 252.72, 813.94, 906.56, 916.65, 784.22, 793.81, 880.13, 50.54, 0.0, 78.06, 56.44, 122.33, 57.87, 534.87, 362.24, 369.23, 406.19, 386.06, 396.5, 391.76, 452.48, 435.84, 433.56, 400.03, 408.52, 655.84, 656.99, 570.14, 585.59, 574.28, 619.02, 221.82, 319.61, 341.77, 344.14, 286.36, 296.93, 254.44, 192.63, 255.2, 275.28, 253.24, 193.26
786.65, 870.84, 30.36, 453.11, 463.61, 708.52, 264.2, 187.2, 857.29, 951.96, 964.22, 827.34, 845.43, 925.24, 38.59, 78.06, 0.0, 88.6, 90.35, 24.7, 606.9, 434.54, 436.99, 475.44, 453.12, 466.45, 443.56, 487.88, 463.64, 451.64, 429.9, 433.07, 728.39, 730.99, 643.06, 656.08, 640.66, 685.72, 173.56, 281.97, 277.03, 280.0, 245.07, 228.11, 181.24, 118.85, 184.26, 215.03, 175.56, 154.98
709.08, 877.95, 74.89, 419.22, 484.15, 670.05, 350.14, 275.8, 866.48, 958.3, 967.57, 836.86, 843.16, 932.0, 50.33, 56.44, 88.6, 0.0, 163.37, 82.8, 568.01, 396.34, 409.13, 444.06, 426.53, 433.6, 442.34, 507.57, 491.92, 489.98, 455.97, 464.84, 687.57, 686.07, 601.61, 620.72, 614.19, 658.44, 257.69, 362.03, 365.62, 368.6, 326.72, 316.3, 267.88, 205.83, 272.02, 303.2, 254.96, 233.94
814.01, 803.86, 89.05, 430.02, 391.65, 684.19, 193.5, 143.69, 788.91, 885.06, 899.42, 758.92, 785.71, 858.19, 117.39, 122.33, 90.35, 163.37, 0.0, 82.28, 584.83, 416.8, 408.29, 448.93, 422.52, 441.77, 389.4, 416.06, 386.49, 368.82, 354.8, 354.25, 706.32, 713.49, 623.08, 629.29, 605.06, 650.17, 100.21, 198.88, 228.0, 229.65, 164.45, 190.65, 161.51, 111.49, 156.12, 158.96, 183.48, 71.22
768.24, 848.2, 8.94, 428.57, 442.31, 684.04, 267.59, 197.59, 834.88, 929.27, 941.21, 804.95, 821.84, 902.58, 35.11, 57.87, 24.7, 82.8, 82.28, 0.0, 582.48, 410.2, 412.31, 450.82, 428.43, 441.87, 419.75, 466.5, 443.64, 433.66, 409.41, 413.65, 704.01, 706.86, 618.75, 631.51, 615.97, 661.02, 174.92, 279.83, 287.27, 289.91, 244.12, 240.68, 196.84, 134.85, 198.16, 222.61, 196.0, 151.72
429.95, 475.43, 576.72, 154.98, 373.87, 102.08, 716.63, 718.67, 478.9, 536.05, 527.64, 458.81, 395.0, 516.61, 585.4, 534.87, 606.9, 568.01, 584.83, 582.48, 0.0, 172.63, 178.06, 136.78, 166.43, 143.1, 265.96, 370.99, 417.25, 473.15, 402.22, 432.86, 121.76, 131.14, 40.05, 57.69, 99.98, 122.78, 652.52, 673.19, 784.89, 784.4, 667.36, 764.46, 745.35, 695.2, 737.9, 719.04, 766.39, 616.37
475.72, 556.69, 404.31, 30.81, 301.6, 274.61, 562.88, 554.54, 552.97, 629.64, 629.58, 526.98, 495.85, 606.11, 412.78, 362.24, 434.54, 396.34, 416.8, 410.2, 172.63, 0.0, 53.31, 57.58, 64.94, 44.94, 185.92, 310.16, 340.71, 386.12, 313.27, 342.98, 293.86, 297.52, 208.57, 224.38, 224.74, 266.79, 491.26, 526.11, 626.0, 626.01, 514.84, 601.08, 578.19, 525.87, 571.77, 558.26, 596.43, 454.4
523.14, 512.99, 407.34, 33.84, 250.06, 275.96, 540.01, 540.71, 507.96, 587.82, 589.68, 481.2, 457.23, 563.6, 419.36, 369.23, 436.99, 409.13, 408.29, 412.31, 178.06, 53.31, 0.0, 41.3, 18.03, 37.66, 133.45, 257.67, 290.08, 337.54, 264.25, 294.49, 298.61, 308.77, 217.44, 221.11, 205.23, 249.83, 474.47, 498.86, 607.15, 606.75, 491.03, 586.42, 568.08, 519.27, 560.29, 541.04, 590.88, 438.31
496.41, 500.12, 445.59, 27.29, 274.49, 235.29, 581.06, 581.92, 496.94, 572.49, 572.12, 471.38, 438.31, 549.13, 456.55, 406.19, 475.44, 444.06, 448.93, 450.82, 136.78, 57.58, 41.3, 0.0, 32.57, 12.65, 157.29, 279.03, 316.18, 366.65, 293.29, 324.01, 257.57, 267.47, 176.14, 181.08, 171.12, 214.67, 515.77, 539.34, 648.42, 648.01, 532.0, 627.68, 609.02, 559.73, 601.35, 582.34, 631.22, 479.59
525.73, 496.12, 423.61, 38.47, 245.45, 262.43, 550.29, 553.51, 491.41, 570.6, 572.18, 464.85, 439.55, 546.5, 436.08, 386.06, 453.12, 426.53, 422.52, 428.43, 166.43, 64.94, 18.03, 32.57, 0.0, 34.83, 128.08, 251.45, 286.48, 335.83, 262.42, 293.0, 285.77, 297.54, 206.24, 206.89, 188.22, 233.0, 486.62, 507.77, 618.53, 618.02, 501.1, 598.95, 581.72, 533.72, 573.63, 552.96, 605.46, 450.71
490.98, 512.6, 436.49, 15.0, 280.03, 242.98, 577.01, 575.89, 509.31, 585.08, 584.76, 483.66, 450.96, 561.69, 446.94, 396.5, 466.45, 433.6, 441.77, 441.87, 143.1, 44.94, 37.66, 12.65, 34.83, 0.0, 162.64, 285.52, 321.23, 370.65, 297.24, 327.8, 264.56, 272.95, 181.84, 189.64, 182.52, 225.7, 510.31, 536.34, 643.51, 643.18, 528.14, 621.84, 602.26, 552.29, 594.86, 577.02, 623.62, 473.94
653.52, 436.48, 417.4, 165.56, 117.39, 343.49, 476.35, 500.64, 426.24, 516.36, 525.23, 397.08, 402.46, 490.24, 437.14, 391.76, 443.56, 442.34, 389.4, 419.75, 265.96, 185.92, 133.45, 157.29, 128.08, 162.64, 0.0, 124.26, 158.9, 210.62, 137.83, 168.72, 370.39, 391.45, 304.8, 287.02, 239.6, 281.58, 429.8, 425.15, 551.71, 550.28, 426.86, 542.46, 536.48, 498.68, 525.5, 492.16, 570.02, 397.57
775.07, 389.22, 466.45, 289.4, 24.41, 431.97, 450.2, 498.22, 373.36, 470.21, 486.51, 343.41, 383.04, 443.3, 490.94, 452.48, 487.88, 507.57, 416.06, 466.5, 370.99, 310.16, 257.67, 279.03, 251.45, 285.52, 124.26, 0.0, 53.01, 111.22, 65.22, 83.24, 459.8, 486.52, 407.02, 379.02, 319.09, 353.22, 427.68, 390.9, 530.37, 527.9, 403.71, 533.7, 540.46, 515.4, 526.92, 481.15, 582.66, 402.37
812.2, 427.62, 444.53, 323.17, 43.38, 482.28, 403.97, 457.7, 410.14, 507.83, 526.27, 380.52, 428.92, 481.0, 470.55, 435.84, 463.64, 491.92, 386.49, 443.64, 417.25, 340.71, 290.08, 316.18, 286.48, 321.23, 158.9, 53.01, 0.0, 58.55, 37.0, 34.83, 510.05, 535.79, 454.27, 428.49, 370.13, 405.25, 388.22, 343.46, 484.58, 481.88, 358.75, 491.04, 501.36, 480.63, 487.21, 438.41, 545.81, 365.55
860.68, 467.4, 435.71, 371.18, 100.69, 540.27, 361.09, 423.45, 448.38, 546.14, 566.85, 419.42, 476.89, 519.59, 463.23, 433.56, 451.64, 489.98, 368.82, 433.66, 473.15, 386.12, 337.54, 366.65, 335.83, 370.65, 210.62, 111.22, 58.55, 0.0, 73.41, 43.14, 567.99, 593.24, 510.69, 486.13, 428.44, 463.78, 356.4, 299.02, 441.86, 438.81, 318.51, 453.26, 468.83, 454.47, 453.9, 400.95, 516.14, 338.04
787.38, 453.28, 410.02, 297.85, 42.95, 473.26, 385.55, 433.15, 436.84, 534.07, 551.04, 406.97, 448.2, 507.17, 435.64, 400.03, 429.9, 455.97, 354.8, 409.41, 402.22, 313.27, 264.25, 293.29, 262.42, 297.24, 137.83, 65.22, 37.0, 73.41, 0.0, 30.89, 500.78, 524.58, 440.34, 418.13, 363.32, 400.98, 362.75, 326.84, 465.54, 463.13, 338.75, 468.48, 475.65, 451.87, 461.99, 415.94, 518.45, 338.04
817.61, 462.4, 414.91, 328.16, 66.07, 502.86, 369.42, 422.97, 444.84, 542.55, 561.09, 415.25, 463.28, 515.74, 441.48, 408.52, 433.07, 464.84, 354.25, 413.65, 432.86, 342.98, 294.49, 324.01, 293.0, 327.8, 168.72, 83.24, 34.83, 43.14, 30.89, 0.0, 530.46, 554.68, 470.86, 448.01, 392.26, 429.16, 353.62, 309.18, 449.98, 447.32, 324.01, 456.21, 466.77, 446.81, 452.55, 403.58, 511.53, 331.4
422.98, 464.98, 698.16, 276.7, 467.31, 27.86, 833.94, 839.19, 474.38, 510.78, 495.07, 460.72, 373.16, 496.16, 706.34, 655.84, 728.39, 687.57, 706.32, 704.01, 121.76, 293.86, 298.61, 257.57, 285.77, 264.56, 370.39, 459.8, 510.05, 567.99, 500.78, 530.46, 0.0, 37.58, 85.96, 83.38, 141.85, 119.67, 772.36, 788.37, 903.74, 903.1, 784.45, 884.71, 866.58, 816.84, 858.9, 838.61, 888.09, 736.48
386.16, 502.49, 700.66, 283.8, 492.7, 60.83, 847.76, 848.8, 511.96, 547.67, 531.48, 498.26, 410.47, 533.33, 707.33, 656.99, 730.99, 686.07, 713.49, 706.86, 131.14, 297.52, 308.77, 267.47, 297.54, 272.95, 391.45, 486.52, 535.79, 593.24, 524.58, 554.68, 37.58, 0.0, 91.35, 107.54, 172.26, 154.99, 783.16, 804.06, 915.86, 915.42, 798.49, 894.79, 874.52, 823.17, 867.45, 849.79, 893.9, 746.86
409.22, 483.82, 612.8, 193.08, 410.91, 71.45, 756.52, 757.72, 489.2, 540.05, 529.19, 470.98, 399.01, 522.06, 620.63, 570.14, 643.06, 601.61, 623.08, 618.75, 40.05, 208.57, 217.44, 176.14, 206.24, 181.84, 304.8, 407.02, 454.27, 510.69, 440.34, 470.86, 85.96, 91.35, 0.0, 50.64, 114.53, 122.8, 691.88, 713.23, 824.51, 824.06, 707.28, 803.62, 783.88, 733.13, 776.62, 758.48, 804.12, 655.63
457.92, 433.24, 626.1, 203.07, 385.5, 57.04, 752.06, 759.9, 438.8, 489.56, 479.04, 420.9, 348.47, 471.46, 636.1, 585.59, 656.08, 620.72, 629.29, 631.51, 57.69, 224.38, 221.11, 181.08, 206.89, 189.64, 287.02, 379.02, 428.49, 486.13, 418.13, 448.01, 83.38, 107.54, 50.64, 0.0, 68.68, 72.25, 692.3, 705.73, 822.71, 821.95, 702.5, 805.03, 788.6, 740.36, 780.41, 758.23, 811.99, 656.76
523.69, 375.47, 611.36, 197.44, 327.92, 114.06, 713.75, 729.54, 378.97, 437.06, 429.87, 359.2, 296.33, 417.15, 624.26, 574.28, 640.66, 614.19, 605.06, 615.97, 99.98, 224.74, 205.23, 171.12, 188.22, 182.52, 239.6, 319.09, 370.13, 428.44, 363.32, 392.26, 141.85, 172.26, 114.53, 68.68, 0.0, 45.18, 660.23, 664.21, 787.16, 786.05, 664.12, 773.45, 761.25, 716.54, 751.92, 724.89, 788.54, 625.83
526.64, 361.65, 656.37, 240.48, 363.92, 94.18, 757.01, 774.14, 367.9, 417.31, 407.0, 351.01, 276.23, 399.27, 669.07, 619.02, 685.72, 658.44, 650.17, 661.02, 122.78, 266.79, 249.83, 214.67, 233.0, 225.7, 281.58, 353.22, 405.25, 463.78, 400.98, 429.16, 119.67, 154.99, 122.8, 72.25, 45.18, 0.0, 704.65, 706.69, 830.94, 829.76, 707.4, 817.87, 806.13, 761.65, 796.7, 769.08, 833.65, 670.41
908.58, 815.49, 183.1, 500.12, 404.09, 748.59, 93.51, 71.34, 798.32, 895.94, 913.64, 768.64, 809.0, 869.08, 208.43, 221.82, 173.56, 257.69, 100.21, 174.92, 652.52, 491.26, 474.47, 515.77, 486.62, 510.31, 429.8, 427.68, 388.22, 356.4, 362.75, 353.62, 772.36, 783.16, 691.88, 692.3, 660.23, 704.65, 0.0, 111.32, 135.72, 136.33, 73.08, 113.23, 113.15, 106.1, 99.25, 67.01, 160.07, 37.12
971.94, 766.42, 287.28, 528.65, 369.79, 762.76, 62.97, 148.93, 747.26, 844.96, 865.86, 718.4, 772.38, 818.48, 314.53, 319.61, 281.97, 362.03, 198.88, 279.83, 673.19, 526.11, 498.86, 539.34, 507.77, 536.34, 425.15, 390.9, 343.46, 299.02, 326.84, 309.18, 788.37, 804.06, 713.23, 705.73, 664.21, 706.69, 111.32, 0.0, 143.18, 139.95, 38.47, 163.48, 196.02, 212.08, 179.54, 116.11, 250.06, 128.13
1041.76, 909.22, 296.18, 633.81, 508.38, 879.37, 80.8, 89.87, 890.22, 987.96, 1008.6, 861.28, 913.07, 961.44, 315.5, 341.77, 277.03, 365.62, 228.0, 287.27, 784.89, 626.0, 607.15, 648.42, 618.53, 643.51, 551.71, 530.37, 484.58, 441.86, 465.54, 449.98, 903.74, 915.86, 824.51, 822.71, 787.16, 830.94, 135.72, 143.18, 0.0, 5.0, 127.01, 55.07, 110.28, 164.07, 99.2, 69.63, 156.85, 172.84
1043.17, 906.2, 298.81, 633.58, 506.0, 878.65, 77.94, 92.8, 887.14, 984.86, 1005.61, 858.23, 910.49, 958.36, 318.42, 344.14, 280.0, 368.6, 229.65, 289.91, 784.4, 626.01, 606.75, 648.01, 618.02, 643.18, 550.28, 527.9, 481.88, 438.81, 463.13, 447.32, 903.1, 915.42, 824.06, 821.95, 786.05, 829.76, 136.33, 139.95, 5.0, 0.0, 124.89, 59.48, 114.61, 167.71, 103.23, 70.88, 161.61, 173.4
951.89, 784.94, 251.84, 519.55, 381.53, 759.42, 49.65, 114.23, 766.44, 864.27, 884.11, 737.24, 786.62, 837.62, 278.51, 286.36, 245.07, 326.72, 164.45, 244.12, 667.36, 514.84, 491.03, 532.0, 501.1, 528.14, 426.86, 403.71, 358.75, 318.51, 338.75, 324.01, 784.45, 798.49, 707.28, 702.5, 664.12, 707.4, 73.08, 38.47, 127.01, 124.89, 0.0, 135.59, 161.76, 174.0, 145.4, 84.6, 215.06, 93.24
1003.13, 918.38, 249.62, 611.26, 510.71, 861.18, 103.25, 47.1, 900.3, 998.12, 1017.26, 870.92, 916.49, 971.39, 266.69, 296.93, 228.11, 316.3, 190.65, 240.68, 764.46, 601.08, 586.42, 627.68, 598.95, 621.84, 542.46, 533.7, 491.04, 453.26, 468.48, 456.21, 884.71, 894.79, 803.62, 805.03, 773.45, 817.87, 113.23, 163.48, 55.07, 59.48, 135.59, 0.0, 55.23, 111.66, 45.28, 52.63, 103.37, 148.28
964.34, 928.57, 205.65, 590.81, 516.74, 843.99, 143.28, 47.54, 911.46, 1009.06, 1026.65, 881.77, 921.0, 982.2, 219.42, 254.44, 181.24, 267.88, 161.51, 196.84, 745.35, 578.19, 568.08, 609.02, 581.72, 602.26, 536.48, 540.46, 501.36, 468.83, 475.65, 466.77, 866.58, 874.52, 783.88, 788.6, 761.25, 806.13, 113.15, 196.02, 110.28, 114.61, 161.76, 55.23, 0.0, 62.39, 16.49, 80.89, 54.45, 139.79
902.92, 904.61, 143.59, 540.24, 491.19, 795.02, 173.08, 78.03, 888.61, 985.61, 1001.49, 858.7, 891.16, 958.7, 157.08, 192.63, 118.85, 205.83, 111.49, 134.85, 695.2, 525.87, 519.27, 559.73, 533.72, 552.29, 498.68, 515.4, 480.63, 454.47, 451.87, 446.81, 816.84, 823.17, 733.13, 740.36, 716.54, 761.65, 106.1, 212.08, 164.07, 167.71, 174.0, 111.66, 62.39, 0.0, 66.61, 112.81, 72.01, 116.47
963.83, 914.62, 207.06, 583.65, 503.31, 836.03, 127.1, 31.3, 897.35, 995.01, 1012.85, 867.7, 908.04, 968.17, 222.77, 255.2, 184.26, 272.02, 156.12, 198.16, 737.9, 571.77, 560.29, 601.35, 573.63, 594.86, 525.5, 526.92, 487.21, 453.9, 461.99, 452.55, 858.9, 867.45, 776.62, 780.41, 751.92, 796.7, 99.25, 179.54, 99.2, 103.23, 145.4, 45.28, 16.49, 66.61, 0.0, 64.5, 70.86, 128.02
972.29, 865.77, 231.4, 566.95, 458.22, 814.65, 63.07, 36.5, 847.73, 945.56, 964.64, 818.34, 864.01, 918.82, 252.87, 275.28, 215.03, 303.2, 158.96, 222.61, 719.04, 558.26, 541.04, 582.34, 552.96, 577.02, 492.16, 481.15, 438.41, 400.95, 415.94, 403.58, 838.61, 849.79, 758.48, 758.23, 724.89, 769.08, 67.01, 116.11, 69.63, 70.88, 84.6, 52.63, 80.89, 112.81, 64.5, 0.0, 135.34, 104.02
961.69, 971.71, 204.06, 611.41, 558.62, 866.47, 197.65, 101.14, 955.2, 1052.52, 1069.15, 925.37, 960.58, 1025.62, 210.76, 253.24, 175.56, 254.96, 183.48, 196.0, 766.39, 596.43, 590.88, 631.22, 605.46, 623.62, 570.02, 582.66, 545.81, 516.14, 518.45, 511.53, 888.09, 893.9, 804.12, 811.99, 788.54, 833.65, 160.07, 250.06, 156.85, 161.61, 215.06, 103.37, 54.45, 72.01, 70.86, 135.34, 0.0, 180.42
872.47, 791.32, 159.15, 463.6, 378.41, 712.9, 125.2, 103.73, 774.77, 872.1, 888.88, 744.95, 781.65, 845.21, 186.5, 193.26, 154.98, 233.94, 71.22, 151.72, 616.37, 454.4, 438.31, 479.59, 450.71, 473.94, 397.57, 402.37, 365.55, 338.04, 338.04, 331.4, 736.48, 746.86, 655.63, 656.76, 625.83, 670.41, 37.12, 128.13, 172.84, 173.4, 93.24, 148.28, 139.79, 116.47, 128.02, 104.02, 180.42, 0.0
% DistancesWithCharging 
0.0, 886.08, 759.64, 489.56, 770.85, 439.66, 994.9, 956.85, 917.85, 1014.98, 1017.0999999999999, 926.01, 891.53, 973.39, 780.22, 759.74, 817.01, 783.97, 903.06, 777.1800000000001, 532.03, 506.53000000000003, 556.98, 523.7, 564.2, 505.98, 770.91, 799.48, 855.58, 961.3699999999999, 830.33, 883.6800000000001, 450.84000000000003, 446.99, 480.67, 514.96, 637.75, 620.8199999999999, 979.9200000000001, 1034.91, 1122.56, 1121.1100000000001, 1001.54, 1050.23, 1011.88, 980.9499999999999, 995.13, 1008.79, 1062.8300000000002, 976.2
886.08, 0.0, 847.03, 525.93, 413.42, 446.54, 828.42, 885.27, 48.0, 162.44, 199.14, 96.74, 191.6, 108.82, 898.39, 875.3100000000001, 901.2, 952.84, 892.91, 857.1400000000001, 577.51, 587.5, 546.83, 527.41, 534.59, 527.6, 553.87, 413.63000000000005, 471.0, 568.0899999999999, 496.22999999999996, 528.47, 492.84000000000003, 563.32, 555.27, 490.28000000000003, 489.53000000000003, 455.83, 886.83, 829.39, 990.02, 984.1400000000001, 834.59, 965.48, 976.11, 982.64, 945.92, 902.27, 1072.8500000000001, 895.0500000000001
759.64, 847.03, 0.0, 423.08, 442.33, 678.39, 275.95, 206.52, 857.92, 1009.26, 1039.25, 852.39, 915.5, 955.81, 58.54, 98.74, 60.72, 149.78, 178.1, 17.88, 678.8000000000001, 435.12, 441.17999999999995, 472.88, 462.08000000000004, 451.49, 534.79, 490.86, 487.90999999999997, 536.4, 452.96999999999997, 480.98, 726.02, 761.49, 684.25, 683.14, 725.4200000000001, 750.55, 254.44, 350.25, 376.98, 376.75, 301.49, 296.72, 253.19, 221.62, 238.36, 267.9, 305.2, 262.88
489.56, 525.93, 423.08, 0.0, 282.69, 255.7, 568.23, 565.13, 546.32, 680.0600000000001, 698.4100000000001, 544.79, 560.97, 629.7099999999999, 462.4, 432.03000000000003, 483.47, 494.11, 519.0699999999999, 437.51, 257.06, 61.62, 67.68, 54.58, 76.94, 30.0, 282.95, 313.81, 366.55, 471.87, 340.8, 394.23, 304.56, 344.63, 264.53000000000003, 260.11, 311.5, 334.65999999999997, 571.46, 591.62, 714.6099999999999, 711.52, 569.1999999999999, 658.36, 638.3499999999999, 618.27, 614.9499999999999, 603.45, 712.55, 567.33
770.85, 413.42, 442.33, 282.69, 0.0, 439.58, 428.46, 474.77, 421.68, 575.67, 610.0999999999999, 416.09000000000003, 501.59000000000003, 521.96, 496.22999999999996, 478.27, 493.97, 559.04, 480.7, 451.25, 475.95, 332.41, 283.9, 301.78000000000003, 283.91999999999996, 295.03, 234.78, 48.82, 86.76, 201.38, 85.9, 132.14, 495.17, 553.53, 482.36, 442.54, 441.98, 458.1, 475.42999999999995, 432.76, 589.18, 583.94, 431.17999999999995, 557.81, 564.28, 569.22, 534.61, 494.72, 659.76, 482.14000000000004
439.66, 446.54, 678.39, 255.7, 439.58, 0.0, 808.97, 815.88, 478.95, 576.61, 580.71, 488.54, 452.09000000000003, 534.15, 716.65, 686.21, 738.88, 744.9399999999999, 773.24, 692.98, 204.16, 305.42, 309.79999999999995, 262.58, 300.9, 257.98, 460.88, 456.38000000000005, 525.66, 640.96, 516.21, 568.9300000000001, 55.72, 121.66, 142.9, 114.08, 228.12, 188.36, 819.9300000000001, 825.73, 960.17, 956.5899999999999, 809.0699999999999, 908.28, 891.53, 873.05, 867.3299999999999, 851.15, 967.61, 816.63
994.9, 828.42, 275.95, 568.23, 428.46, 808.97, 0.0, 99.41, 833.46, 988.4300000000001, 1027.37, 828.87, 928.43, 935.0899999999999, 329.64, 364.7, 294.56, 425.03, 282.55, 276.53, 818.71, 593.6899999999999, 573.85, 608.3499999999999, 588.76, 592.01, 593.74, 474.61, 447.35, 461.78, 428.5, 435.49, 861.8000000000001, 908.59, 827.97, 809.0999999999999, 827.81, 851.19, 164.85000000000002, 125.94, 161.6, 155.88, 99.3, 150.35, 190.82, 251.11, 158.4, 99.57, 298.79, 228.93
956.85, 885.27, 206.52, 565.13, 474.77, 815.88, 99.41, 0.0, 891.8, 1046.74, 1083.25, 886.58, 975.81, 993.11, 254.91, 302.09, 217.56, 350.69, 232.74, 206.53, 820.75, 585.3499999999999, 574.5500000000001, 609.2099999999999, 591.98, 590.89, 618.03, 522.63, 501.08, 524.14, 476.09999999999997, 489.04, 867.0500000000001, 909.63, 829.1700000000001, 816.9399999999999, 843.5999999999999, 868.3199999999999, 142.68, 211.9, 170.67000000000002, 170.74, 163.88, 94.2, 95.08, 156.06, 62.6, 73.0, 202.28, 207.46
893.85, 24.0, 833.92, 522.32, 397.68, 454.95, 809.46, 867.8, 24.0, 179.06, 219.88, 78.37, 207.56, 125.63, 885.74, 863.3100000000001, 887.65, 941.37, 877.9599999999999, 843.82, 580.98, 583.78, 541.8, 524.23, 529.88, 524.31, 543.63, 397.77000000000004, 453.52, 549.0699999999999, 479.78999999999996, 510.90999999999997, 502.24, 572.79, 560.65, 495.84000000000003, 493.03000000000003, 462.08, 869.6600000000001, 810.23, 971.02, 965.0799999999999, 816.09, 947.4, 959.0, 966.64, 928.65, 884.23, 1056.3400000000001, 878.5
933.76, 81.22, 928.04, 598.84, 494.45, 495.39, 907.21, 965.52, 121.84, 81.22, 133.78, 175.68, 236.96999999999997, 81.32, 979.27, 955.93, 982.32, 1033.19, 974.1099999999999, 938.21, 638.13, 660.4499999999999, 621.6600000000001, 599.78, 609.07, 600.08, 633.75, 494.62, 551.21, 646.8299999999999, 577.0200000000001, 608.6199999999999, 538.64, 608.5, 611.5, 546.6, 551.12, 511.49, 967.2800000000001, 907.9300000000001, 1068.76, 1062.8, 913.92, 1045.22, 1056.6, 1063.64, 1026.31, 982.06, 1153.66, 975.83
917.53, 99.57, 939.68, 598.84, 510.53, 481.14, 927.8, 983.68, 144.31, 115.43, 99.57, 196.24, 230.33999999999997, 106.58, 990.23, 966.02, 994.58, 1042.46, 988.4699999999999, 950.1500000000001, 629.72, 660.39, 623.52, 599.41, 610.65, 599.76, 642.62, 510.92, 569.65, 667.54, 593.99, 627.1600000000001, 522.93, 592.3100000000001, 600.6400000000001, 536.08, 543.9300000000001, 501.18, 984.98, 928.83, 1089.4, 1083.55, 933.76, 1064.36, 1074.19, 1079.52, 1044.15, 1001.14, 1170.2900000000002, 992.61
877.64, 48.37, 804.02, 496.42, 367.72, 440.17, 780.5, 838.21, 54.0, 208.53, 247.44, 48.37, 208.09, 154.91, 855.89, 833.59, 857.7, 911.75, 847.9699999999999, 813.8900000000001, 560.89, 557.79, 515.04, 498.67, 503.32000000000005, 498.66, 514.47, 367.82000000000005, 423.9, 520.11, 449.92, 481.32, 488.58000000000004, 559.09, 542.4300000000001, 477.94, 473.26, 445.19, 839.98, 781.37, 942.0799999999999, 936.1700000000001, 786.89, 918.02, 929.31, 936.73, 899.0, 854.84, 1026.51, 848.6800000000001
795.73, 95.8, 819.7, 465.17, 405.79, 356.29, 832.63, 880.01, 135.76, 222.39, 234.10999999999999, 160.66, 95.8, 177.97, 868.86, 843.18, 875.79, 918.05, 874.76, 830.7800000000001, 497.08, 526.66, 491.07000000000005, 465.6, 478.02, 465.96, 519.85, 407.45000000000005, 472.3, 577.5799999999999, 491.15, 529.3499999999999, 401.02000000000004, 471.3, 470.46, 405.51000000000005, 410.39, 370.41, 880.34, 835.35, 993.87, 988.4300000000001, 836.27, 963.59, 968.54, 969.1899999999999, 939.3399999999999, 900.51, 1061.72, 885.38
918.98, 54.41, 901.4, 575.3, 467.55, 479.74, 880.68, 938.7, 95.22, 108.13, 151.74, 148.87, 219.36, 54.41, 952.6999999999999, 929.5, 955.6, 1006.89, 947.24, 911.5200000000001, 618.69, 636.92, 597.44, 576.42, 584.97, 576.69, 607.63, 467.71000000000004, 524.38, 620.28, 550.12, 581.81, 524.02, 594.1600000000001, 593.51, 528.5, 531.21, 493.45, 940.4200000000001, 881.45, 1042.24, 1036.3, 887.27, 1018.49, 1029.74, 1036.73, 999.4699999999999, 955.32, 1126.76, 948.94
750.95, 869.12, 29.27, 433.13, 466.96, 687.38, 300.37, 225.64, 880.47, 1031.22, 1060.53, 874.99, 935.39, 977.8399999999999, 29.27, 99.91, 68.95, 125.22, 206.44, 44.05, 687.48, 443.59, 453.20000000000005, 483.84000000000003, 474.54999999999995, 461.94, 554.53, 515.35, 513.9300000000001, 563.9200000000001, 478.59, 507.55, 734.2, 768.1600000000001, 692.08, 693.14, 738.3199999999999, 763.25, 279.77, 377.5, 396.3, 396.36, 328.15999999999997, 313.79, 266.96, 235.11, 254.07000000000002, 289.37, 311.9, 290.23
710.37, 825.94, 49.37, 382.66, 428.9, 636.84, 315.33, 252.72, 837.94, 987.78, 1016.22, 832.59, 889.6099999999999, 934.54, 79.81, 49.37, 108.42, 131.32999999999998, 211.38, 66.81, 636.95, 393.05, 403.07000000000005, 433.48, 424.53, 411.5, 509.15, 476.89000000000004, 479.21999999999997, 534.25, 442.97999999999996, 474.59, 683.7, 717.82, 641.59, 642.63, 688.3399999999999, 713.2, 293.15999999999997, 382.58000000000004, 422.57, 422.08, 336.01, 344.03000000000003, 301.98, 270.65999999999997, 286.5, 311.78, 354.38, 296.99
786.65, 870.84, 30.36, 453.11, 463.61, 708.52, 264.2, 187.2, 881.29, 1033.18, 1063.79, 875.71, 941.2299999999999, 979.65, 67.86, 127.43, 30.36, 163.49, 179.39999999999998, 33.64, 708.98, 465.35, 470.83000000000004, 502.73, 491.59000000000003, 481.45, 560.95, 512.29, 507.02, 552.3299999999999, 472.84999999999997, 499.14, 756.25, 791.82, 714.51, 713.12, 754.72, 779.9000000000001, 244.9, 344.94000000000005, 357.83, 357.94, 294.71999999999997, 275.21000000000004, 228.78, 196.88, 215.56, 251.53, 276.7, 258.71
709.08, 877.95, 74.89, 419.22, 484.15, 670.05, 350.14, 275.8, 890.48, 1039.52, 1067.14, 885.23, 938.9599999999999, 986.41, 79.6, 105.81, 118.96, 74.89, 252.42000000000002, 91.74, 670.09, 427.15, 442.97, 471.35, 465.0, 448.6, 559.73, 531.98, 535.3000000000001, 590.6700000000001, 498.92, 530.91, 715.4300000000001, 746.9000000000001, 673.0600000000001, 677.76, 728.25, 752.6200000000001, 329.03, 425.0, 446.42, 446.54, 376.37, 363.40000000000003, 315.42, 283.86, 303.32, 339.7, 356.1, 337.67
814.01, 803.86, 89.05, 430.02, 391.65, 684.19, 193.5, 143.69, 812.91, 966.28, 998.99, 807.29, 881.51, 912.6, 146.66, 171.7, 120.71, 238.26, 89.05, 91.22, 686.9100000000001, 447.61, 442.13, 476.22, 460.99, 456.77, 506.78999999999996, 440.47, 429.87, 469.51, 397.75, 420.32, 734.1800000000001, 774.32, 694.5300000000001, 686.3299999999999, 719.1199999999999, 744.3499999999999, 171.55, 261.85, 308.8, 307.59000000000003, 214.1, 237.75, 209.04999999999998, 189.51999999999998, 187.42000000000002, 195.46, 284.62, 174.95
768.24, 848.2, 8.94, 428.57, 442.31, 684.04, 267.59, 197.59, 858.88, 1010.49, 1040.78, 853.32, 917.64, 956.99, 64.38, 107.24, 55.06, 157.69, 171.32999999999998, 8.94, 684.5600000000001, 441.01, 446.15, 478.11, 466.9, 456.87, 537.14, 490.91, 487.02, 534.35, 452.36, 479.71999999999997, 731.87, 767.69, 690.2, 688.55, 730.03, 755.2, 246.26, 342.79999999999995, 368.07, 367.85, 293.77, 287.78000000000003, 244.38, 212.88, 229.46, 259.11, 297.14, 255.45
429.95, 475.43, 576.72, 154.98, 373.87, 102.08, 716.63, 718.67, 502.9, 617.27, 627.21, 507.18, 490.8, 571.02, 614.67, 584.24, 637.26, 642.9, 673.88, 591.4200000000001, 102.08, 203.44, 211.9, 164.07, 204.9, 158.1, 383.34999999999997, 395.40000000000003, 460.63, 573.8399999999999, 445.17, 498.93, 149.62, 191.96999999999997, 111.5, 114.72999999999999, 214.04000000000002, 216.96, 723.86, 736.1600000000001, 865.6899999999999, 862.3399999999999, 717.01, 811.5600000000001, 792.89, 773.23, 769.1999999999999, 755.54, 867.53, 720.1
475.72, 556.69, 404.31, 30.81, 301.6, 274.61, 562.88, 554.54, 576.97, 710.86, 729.1500000000001, 575.35, 591.65, 660.52, 442.04999999999995, 411.61, 464.90000000000003, 471.22999999999996, 505.85, 419.14, 274.71, 30.81, 87.15, 84.87, 103.41, 59.94, 303.31, 334.57000000000005, 384.09, 486.81, 356.21999999999997, 409.05, 321.72, 358.34999999999997, 280.02, 281.42, 338.8, 360.97, 562.6, 589.08, 706.8, 703.95, 564.49, 648.1800000000001, 625.73, 603.9, 603.0699999999999, 594.76, 697.5699999999999, 558.13
523.14, 512.99, 407.34, 33.84, 250.06, 275.96, 540.01, 540.71, 531.96, 669.0400000000001, 689.25, 529.5699999999999, 553.03, 618.01, 448.63, 418.6, 467.35, 484.02, 497.34000000000003, 421.25, 280.14, 84.12, 33.84, 68.59, 56.5, 52.66, 250.83999999999997, 282.08000000000004, 333.46, 438.23, 307.2, 360.56, 326.47, 369.59999999999997, 288.89, 278.15000000000003, 319.28999999999996, 344.01, 545.8100000000001, 561.83, 687.9499999999999, 684.69, 540.68, 633.52, 615.62, 597.3, 591.5899999999999, 577.54, 692.02, 542.04
496.41, 500.12, 445.59, 27.29, 274.49, 235.29, 581.06, 581.92, 520.94, 653.71, 671.69, 519.75, 534.11, 603.54, 485.82, 455.56, 505.8, 518.95, 537.98, 459.76, 238.86, 88.39, 75.14, 27.29, 71.03999999999999, 27.65, 274.68, 303.44, 359.56, 467.34, 336.24, 390.08, 285.43, 328.3, 247.58999999999997, 238.12, 285.18, 308.85, 587.11, 602.3100000000001, 729.2199999999999, 725.95, 581.65, 674.78, 656.56, 637.76, 632.65, 618.84, 732.36, 583.3199999999999
525.73, 496.12, 423.61, 38.47, 245.45, 262.43, 550.29, 553.51, 515.4100000000001, 651.82, 671.75, 513.22, 535.35, 600.91, 465.34999999999997, 435.43, 483.48, 501.41999999999996, 511.57, 437.37, 268.51, 95.75, 51.870000000000005, 59.86, 38.47, 49.83, 245.47000000000003, 275.86, 329.86, 436.52, 305.37, 359.07, 313.63, 358.37, 277.69, 263.93, 302.28, 327.18, 557.96, 570.74, 699.3299999999999, 695.96, 550.75, 646.0500000000001, 629.26, 611.75, 604.93, 589.46, 706.6, 554.4399999999999
490.98, 512.6, 436.49, 15.0, 280.03, 242.98, 577.01, 575.89, 533.31, 666.3000000000001, 684.3299999999999, 532.03, 546.76, 616.1, 476.21, 445.87, 496.81, 508.49, 530.8199999999999, 450.81, 245.18, 75.75, 71.5, 39.94, 73.3, 15.0, 280.03, 309.93, 364.61, 471.34, 340.19, 393.87, 292.42, 333.78, 253.29000000000002, 246.67999999999998, 296.58000000000004, 319.88, 581.65, 599.3100000000001, 724.31, 721.1199999999999, 577.79, 668.94, 649.8, 630.3199999999999, 626.16, 613.52, 724.76, 577.67
653.52, 436.48, 417.4, 165.56, 117.39, 343.49, 476.35, 500.64, 450.24, 597.58, 624.8, 445.45, 498.26, 544.65, 466.40999999999997, 441.13, 473.92, 517.23, 478.45, 428.69, 368.03999999999996, 216.73, 167.29, 184.57999999999998, 166.55, 177.64, 117.39, 148.67000000000002, 202.28, 311.31, 180.78000000000003, 234.79, 398.25, 452.28, 376.25, 344.06, 353.65999999999997, 375.76, 501.14, 488.12, 632.51, 628.22, 476.51, 589.5600000000001, 584.02, 576.71, 556.8, 528.6600000000001, 671.16, 501.3
775.07, 389.22, 466.45, 289.4, 24.41, 431.97, 450.2, 498.22, 397.36, 551.43, 586.0799999999999, 391.78000000000003, 478.84000000000003, 497.71000000000004, 520.21, 501.85, 518.24, 582.46, 505.11, 475.44, 473.07, 340.97, 291.51, 306.32, 289.91999999999996, 300.52, 241.65, 24.41, 96.39, 211.91, 108.17, 149.31, 487.66, 547.35, 478.46999999999997, 436.06, 433.15, 447.40000000000003, 499.02, 453.87, 611.17, 605.8399999999999, 453.35999999999996, 580.8000000000001, 588.0, 593.43, 558.2199999999999, 517.65, 683.8, 506.1
812.2, 427.62, 444.53, 323.17, 43.38, 482.28, 403.97, 457.7, 434.14, 589.05, 625.8399999999999, 428.89, 524.72, 535.41, 499.82, 485.21, 494.0, 566.8100000000001, 475.54, 452.58, 519.33, 371.52, 323.91999999999996, 343.47, 324.95000000000005, 336.23, 276.29, 77.42, 43.38, 159.24, 79.95, 100.89999999999999, 537.91, 596.62, 525.72, 485.53000000000003, 484.19, 499.43, 459.56000000000006, 406.42999999999995, 565.38, 559.8199999999999, 408.4, 538.14, 548.9, 558.66, 518.51, 474.91, 646.9499999999999, 469.28000000000003
860.68, 467.4, 435.71, 371.18, 100.69, 540.27, 361.09, 423.45, 472.38, 627.36, 666.4200000000001, 467.79, 572.6899999999999, 574.0, 492.5, 482.93, 482.0, 564.87, 457.87, 442.6, 575.23, 416.93, 371.38, 393.94, 374.29999999999995, 385.65, 328.01, 135.63, 101.93, 100.69, 116.36, 109.21, 595.85, 654.07, 582.14, 543.17, 542.5, 557.96, 427.74, 361.99, 522.66, 516.75, 368.15999999999997, 500.36, 516.37, 532.5, 485.2, 437.45, 617.28, 441.77000000000004
787.38, 453.28, 410.02, 297.85, 42.95, 473.26, 385.55, 433.15, 460.84, 615.2900000000001, 650.6099999999999, 455.34000000000003, 544.0, 561.58, 464.90999999999997, 449.4, 460.26, 530.86, 443.85, 418.35, 504.3, 344.08, 298.09000000000003, 320.58000000000004, 300.89, 312.24, 255.22000000000003, 89.63, 80.38, 174.1, 42.95, 96.96, 528.64, 585.4100000000001, 511.78999999999996, 475.17, 477.38, 495.16, 434.09000000000003, 389.80999999999995, 546.34, 541.0699999999999, 388.4, 515.58, 523.1899999999999, 529.9, 493.29, 452.44, 619.59, 441.77000000000004
817.61, 462.4, 414.91, 328.16, 66.07, 502.86, 369.42, 422.97, 468.84, 623.77, 660.6600000000001, 463.62, 559.0799999999999, 570.15, 470.75, 457.89, 463.43, 539.73, 443.3, 422.59, 534.94, 373.79, 328.33000000000004, 351.3, 331.47, 342.8, 286.11, 107.64999999999999, 78.21000000000001, 143.82999999999998, 73.84, 66.07, 558.32, 615.51, 542.3100000000001, 505.05, 506.32, 523.34, 424.96000000000004, 372.15, 530.78, 525.26, 373.65999999999997, 503.31, 514.31, 524.84, 483.85, 440.08, 612.67, 435.13
422.98, 464.98, 698.16, 276.7, 467.31, 27.86, 833.94, 839.19, 498.38, 592.0, 594.64, 509.09000000000003, 468.96000000000004, 550.57, 735.61, 705.21, 758.75, 762.46, 795.37, 712.95, 223.84, 324.67, 332.45000000000005, 284.86, 324.24, 279.56, 487.78, 484.21000000000004, 553.4300000000001, 668.6800000000001, 543.73, 596.53, 27.86, 98.41, 157.41, 140.42, 255.91, 213.85000000000002, 843.7, 851.34, 984.54, 981.04, 834.1, 931.8100000000001, 914.12, 894.87, 890.1999999999999, 875.11, 989.23, 840.21
386.16, 502.49, 700.66, 283.8, 492.7, 60.83, 847.76, 848.8, 535.96, 628.89, 631.05, 546.63, 506.27000000000004, 587.74, 736.6, 706.36, 761.35, 760.96, 802.54, 715.8000000000001, 233.21999999999997, 328.33, 342.61, 294.76000000000005, 336.01, 287.95, 508.84, 510.93, 579.17, 693.9300000000001, 567.5300000000001, 620.75, 65.44, 60.83, 162.8, 164.58, 286.32, 249.17000000000002, 854.5, 867.03, 996.66, 993.3599999999999, 848.14, 941.89, 922.06, 901.1999999999999, 898.75, 886.29, 995.04, 850.59
409.22, 483.82, 612.8, 193.08, 410.91, 71.45, 756.52, 757.72, 513.2, 621.27, 628.76, 519.35, 494.81, 576.4699999999999, 649.9, 619.51, 673.42, 676.5, 712.13, 627.69, 142.13, 239.38, 251.28, 203.42999999999998, 244.71, 196.84, 422.19, 431.43, 497.65, 611.38, 483.28999999999996, 536.9300000000001, 113.82, 152.18, 71.45, 107.68, 228.59, 216.98000000000002, 763.22, 776.2, 905.31, 902.0, 756.93, 850.72, 831.42, 811.16, 807.92, 794.98, 905.26, 759.36
457.92, 433.24, 626.1, 203.07, 385.5, 57.04, 752.06, 759.9, 462.8, 570.78, 578.61, 469.27, 444.27000000000004, 525.87, 665.37, 634.96, 686.44, 695.61, 718.3399999999999, 640.45, 159.76999999999998, 255.19, 254.95000000000002, 208.37, 245.35999999999999, 204.64, 404.40999999999997, 403.43, 471.87, 586.8199999999999, 461.08, 514.0799999999999, 111.24, 168.37, 122.09, 57.04, 182.74, 166.43, 763.64, 768.7, 903.51, 899.8900000000001, 752.15, 852.13, 836.14, 818.39, 811.7099999999999, 794.73, 913.13, 760.49
523.69, 375.47, 611.36, 197.44, 327.92, 114.06, 713.75, 729.54, 402.97, 518.28, 529.44, 407.57, 392.13, 471.55999999999995, 653.53, 623.65, 671.02, 689.08, 694.1099999999999, 624.9100000000001, 202.06, 255.55, 239.07, 198.41, 226.69, 197.52, 356.99, 343.5, 413.51, 529.13, 406.27, 458.33, 169.70999999999998, 233.08999999999997, 185.98000000000002, 125.72, 114.06, 139.36, 731.57, 727.1800000000001, 867.9599999999999, 863.99, 713.77, 820.5500000000001, 808.79, 794.5699999999999, 783.2199999999999, 761.39, 889.68, 729.5600000000001
526.64, 361.65, 656.37, 240.48, 363.92, 94.18, 757.01, 774.14, 391.9, 498.53, 506.57, 399.38, 372.03000000000003, 453.67999999999995, 698.34, 668.39, 716.08, 733.33, 739.2199999999999, 669.96, 224.86, 297.6, 283.67, 241.95999999999998, 271.47, 240.7, 398.96999999999997, 377.63000000000005, 448.63, 564.47, 443.93, 495.23, 147.53, 215.82, 194.25, 129.29, 159.24, 94.18, 775.99, 769.6600000000001, 911.74, 907.7, 757.05, 864.97, 853.67, 839.68, 828.0, 805.58, 934.79, 774.14
908.58, 815.49, 183.1, 500.12, 404.09, 748.59, 93.51, 71.34, 822.32, 977.1600000000001, 1013.21, 817.01, 904.8, 923.49, 237.70000000000002, 271.19, 203.92000000000002, 332.58, 189.26, 183.85999999999999, 754.6, 522.0699999999999, 508.31000000000006, 543.06, 525.09, 525.31, 547.19, 452.09000000000003, 431.6, 457.09, 405.7, 419.69, 800.22, 843.99, 763.33, 749.3399999999999, 774.29, 798.8299999999999, 71.34, 174.29, 216.51999999999998, 214.27, 122.72999999999999, 160.33, 160.69, 184.13, 130.55, 103.51, 261.21, 140.85
971.94, 766.42, 287.28, 528.65, 369.79, 762.76, 62.97, 148.93, 771.26, 926.1800000000001, 965.4300000000001, 766.77, 868.18, 872.89, 343.79999999999995, 368.98, 312.33000000000004, 436.91999999999996, 287.93, 288.77, 775.2700000000001, 556.92, 532.7, 566.63, 546.24, 551.34, 542.54, 415.31, 386.84, 399.71, 369.78999999999996, 375.25, 816.23, 864.89, 784.6800000000001, 762.77, 778.27, 800.8700000000001, 182.66, 62.97, 223.98000000000002, 217.89, 88.12, 210.57999999999998, 243.56, 290.11, 210.84, 152.61, 351.2, 231.86
1041.76, 909.22, 296.18, 633.81, 508.38, 879.37, 80.8, 89.87, 914.22, 1069.18, 1108.17, 909.65, 1008.87, 1015.85, 344.77, 391.14, 307.39, 440.51, 317.05, 296.21, 886.97, 656.81, 640.99, 675.7099999999999, 657.0, 658.51, 669.1, 554.78, 527.96, 542.55, 508.49, 516.05, 931.6, 976.69, 895.96, 879.75, 901.22, 925.1200000000001, 207.06, 206.15, 80.8, 82.94, 176.66, 102.17, 157.82, 242.1, 130.5, 106.13, 257.99, 276.57
1043.17, 906.2, 298.81, 633.58, 506.0, 878.65, 77.94, 92.8, 911.14, 1066.08, 1105.18, 906.6, 1006.29, 1012.77, 347.69, 393.51, 310.36, 443.49, 318.7, 298.85, 886.48, 656.8199999999999, 640.59, 675.3, 656.49, 658.18, 667.67, 552.31, 525.26, 539.5, 506.08, 513.39, 930.96, 976.25, 895.51, 878.99, 900.1099999999999, 923.94, 207.67000000000002, 202.92, 85.8, 77.94, 174.54, 106.58, 162.15, 245.74, 134.53, 107.38, 262.75, 277.13
951.89, 784.94, 251.84, 519.55, 381.53, 759.42, 49.65, 114.23, 790.44, 945.49, 983.6800000000001, 785.61, 882.42, 892.03, 307.78, 335.73, 275.43, 401.61, 253.5, 253.06, 769.44, 545.65, 524.87, 559.29, 539.57, 543.14, 544.25, 428.12, 402.13, 419.2, 381.7, 390.08, 812.3100000000001, 859.32, 778.73, 759.54, 778.1800000000001, 801.5799999999999, 144.42000000000002, 101.44, 207.81, 202.82999999999998, 49.65, 182.69, 209.29999999999998, 252.03, 176.70000000000002, 121.1, 316.2, 196.97
1003.13, 918.38, 249.62, 611.26, 510.71, 861.18, 103.25, 47.1, 924.3, 1079.34, 1116.83, 919.29, 1012.29, 1025.8, 295.96, 346.3, 258.47, 391.19, 279.7, 249.62, 866.5400000000001, 631.89, 620.26, 654.9699999999999, 637.4200000000001, 636.84, 659.85, 558.11, 534.4200000000001, 553.95, 511.43, 522.28, 912.57, 955.62, 875.07, 862.0699999999999, 887.51, 912.05, 184.57, 226.45, 135.87, 137.42, 185.24, 47.1, 102.77, 189.69, 76.58, 89.13, 204.51, 252.01
964.34, 928.57, 205.65, 590.81, 516.74, 843.99, 143.28, 47.54, 935.46, 1090.28, 1126.22, 930.14, 1016.8, 1036.6100000000001, 248.69, 303.81, 211.60000000000002, 342.77, 250.56, 205.78, 847.4300000000001, 609.0, 601.9200000000001, 636.31, 620.19, 617.26, 653.87, 564.87, 544.74, 569.52, 518.6, 532.8399999999999, 894.44, 935.35, 855.33, 845.64, 875.31, 900.31, 184.49, 258.99, 191.07999999999998, 192.55, 211.41, 102.33, 47.54, 140.42000000000002, 47.79, 117.39, 155.59, 243.51999999999998
902.92, 904.61, 143.59, 540.24, 491.19, 795.02, 173.08, 78.03, 912.61, 1066.83, 1101.06, 907.07, 986.9599999999999, 1013.11, 186.35000000000002, 242.0, 149.20999999999998, 280.72, 200.54, 143.79, 797.2800000000001, 556.68, 553.11, 587.02, 572.19, 567.29, 616.07, 539.81, 524.01, 555.1600000000001, 494.82, 512.88, 844.7, 884.0, 804.58, 797.4, 830.5999999999999, 855.8299999999999, 177.44, 275.05, 244.87, 245.65, 223.65, 158.76, 109.93, 78.03, 97.91, 149.31, 173.15, 220.2
963.83, 914.62, 207.06, 583.65, 503.31, 836.03, 127.1, 31.3, 921.35, 1076.23, 1112.42, 916.07, 1003.8399999999999, 1022.5799999999999, 252.04000000000002, 304.57, 214.62, 346.90999999999997, 245.17000000000002, 207.1, 839.98, 602.5799999999999, 594.13, 628.64, 612.1, 609.86, 642.89, 551.3299999999999, 530.59, 554.5899999999999, 504.94, 518.62, 886.76, 928.2800000000001, 848.07, 837.4499999999999, 865.98, 890.8800000000001, 170.59, 242.51, 180.0, 181.17000000000002, 195.05, 92.38, 64.03, 144.64, 31.3, 101.0, 172.0, 231.75
972.29, 865.77, 231.4, 566.95, 458.22, 814.65, 63.07, 36.5, 871.73, 1026.78, 1064.21, 866.71, 959.81, 973.23, 282.14, 324.65, 245.39, 378.09, 248.01, 231.55, 821.12, 589.0699999999999, 574.88, 609.63, 591.4300000000001, 592.02, 609.5500000000001, 505.56, 481.79, 501.64, 458.89, 469.65, 866.47, 910.62, 829.9300000000001, 815.27, 838.95, 863.26, 138.35000000000002, 179.07999999999998, 150.43, 148.82, 134.25, 99.73, 128.43, 190.84, 95.8, 36.5, 236.48000000000002, 207.75
961.69, 971.71, 204.06, 611.41, 558.62, 866.47, 197.65, 101.14, 979.2, 1133.74, 1168.72, 973.74, 1056.38, 1080.03, 240.03, 302.61, 205.92000000000002, 329.85, 272.53, 204.94, 868.47, 627.2399999999999, 624.72, 658.51, 643.9300000000001, 638.62, 687.41, 607.0699999999999, 589.1899999999999, 616.8299999999999, 561.4000000000001, 577.5999999999999, 915.95, 954.73, 875.57, 869.03, 902.5999999999999, 927.8299999999999, 231.41, 313.03, 237.64999999999998, 239.55, 264.71, 150.47, 101.99000000000001, 150.04000000000002, 102.16, 171.84, 101.14, 284.15
872.47, 791.32, 159.15, 463.6, 378.41, 712.9, 125.2, 103.73, 798.77, 953.32, 988.45, 793.32, 877.4499999999999, 899.62, 215.77, 242.63, 185.33999999999997, 308.83, 160.26999999999998, 160.66, 718.45, 485.21, 472.15, 506.88, 489.17999999999995, 488.94, 514.96, 426.78000000000003, 408.93, 438.73, 380.99, 397.46999999999997, 764.34, 807.69, 727.08, 713.8, 739.8900000000001, 764.5899999999999, 108.46000000000001, 191.1, 253.64, 251.34, 142.89, 195.38, 187.32999999999998, 194.5, 159.32000000000002, 140.51999999999998, 281.56, 103.73
