% number of locations
50
% for each location: node, x, y
0, 0, 0
1, 889, 615
2, 586, 711
3, 405, 469
4, 966, 878
5, 482, 356
6, 418, 690
7, 371, 556
8, 864, 582
9, 842, 543
10, 822, 568
11, 790, 651
12, 866, 660
13, 907, 552
14, 552, 739
15, 547, 777
16, 555, 749
17, 585, 705
18, 612, 626
19, 491, 834
20, 435, 443
21, 430, 511
22, 359, 406
23, 384, 485
24, 388, 499
25, 347, 437
26, 939, 902
27, 950, 870
28, 975, 892
29, 926, 897
30, 910, 803
31, 960, 792
32, 496, 462
33, 540, 410
34, 463, 372
35, 552, 361
36, 509, 444
37, 423, 260
38, 421, 627
39, 501, 680
40, 492, 788
41, 447, 816
42, 457, 696
43, 424, 716
44, 342, 614
45, 379, 641
46, 423, 559
47, 373, 537
48, 460, 527
49, 296, 531
% number of vessels
10
% number of vessel types
3
% for each vesseltype: vessel_id, battery range, operational cost, speed, passenger capacity, fixed cost
1, 1500, 3, 20, 12, 15000 
2, 2000, 6, 22, 17, 17500 
3, 2750, 11, 25, 25, 22500 
% number of charging stations
7
% for each charging station: node, x, y
1, 889, 615
2, 586, 711
3, 405, 469
4, 966, 878
5, 482, 356
6, 418, 690
7, 371, 556
% number of jobs
42
% for each job: node, crew needed
8, 4
9, 7
10, 4
11, 5
12, 2
13, 9
14, 8
15, 6
16, 4
17, 3
18, 5
19, 4
20, 2
21, 6
22, 7
23, 5
24, 3
25, 8
26, 7
27, 4
28, 5
29, 4
30, 5
31, 4
32, 7
33, 8
34, 4
35, 5
36, 1
37, 8
38, 4
39, 6
40, 6
41, 5
42, 5
43, 7
44, 4
45, 6
46, 9
47, 6
48, 4
49, 4
% number of nodes
84
% for each node: node, binary
8, 0
8, 1
9, 0
9, 1
10, 0
10, 1
11, 0
11, 1
12, 0
12, 1
13, 0
13, 1
14, 0
14, 1
15, 0
15, 1
16, 0
16, 1
17, 0
17, 1
18, 0
18, 1
19, 0
19, 1
20, 0
20, 1
21, 0
21, 1
22, 0
22, 1
23, 0
23, 1
24, 0
24, 1
25, 0
25, 1
26, 0
26, 1
27, 0
27, 1
28, 0
28, 1
29, 0
29, 1
30, 0
30, 1
31, 0
31, 1
32, 0
32, 1
33, 0
33, 1
34, 0
34, 1
35, 0
35, 1
36, 0
36, 1
37, 0
37, 1
38, 0
38, 1
39, 0
39, 1
40, 0
40, 1
41, 0
41, 1
42, 0
42, 1
43, 0
43, 1
44, 0
44, 1
45, 0
45, 1
46, 0
46, 1
47, 0
47, 1
48, 0
48, 1
49, 0
49, 1
% costs
% fixed penalty
5000
% penalty per crew
1000
% preprocessing
% PreferredCS 
(0, 0), (0, 0), (0, 0), (0, 0), (0, 0), (0, 0), (0, 0), (0, 0), (0, 0), (0, 0), (0, 0), (0, 0), (0, 0), (0, 0), (0, 0), (0, 0), (0, 0), (0, 0), (0, 0), (0, 0), (0, 0), (0, 0), (0, 0), (0, 0), (0, 0), (0, 0), (0, 0), (0, 0), (0, 0), (0, 0), (0, 0), (0, 0), (0, 0), (0, 0), (0, 0), (0, 0), (0, 0), (0, 0), (0, 0), (0, 0), (0, 0), (0, 0), (0, 0), (0, 0), (0, 0), (0, 0), (0, 0), (0, 0), (0, 0), (0, 0)
(1, 0), (1, 0), (1, 0), (1, 0), (1, 0), (1, 0), (1, 0), (1, 0), (1, 0), (1, 0), (1, 0), (1, 0), (1, 0), (1, 0), (1, 0), (1, 0), (1, 0), (1, 0), (1, 0), (1, 0), (1, 0), (1, 0), (1, 0), (1, 0), (1, 0), (1, 0), (1, 0), (1, 0), (1, 0), (1, 0), (1, 0), (1, 0), (1, 0), (1, 0), (1, 0), (1, 0), (1, 0), (1, 0), (1, 0), (1, 0), (1, 0), (1, 0), (1, 0), (1, 0), (1, 0), (1, 0), (1, 0), (1, 0), (1, 0), (1, 0)
(2, 0), (2, 0), (2, 0), (2, 0), (2, 0), (2, 0), (2, 0), (2, 0), (2, 0), (2, 0), (2, 0), (2, 0), (2, 0), (2, 0), (2, 0), (2, 0), (2, 0), (2, 0), (2, 0), (2, 0), (2, 0), (2, 0), (2, 0), (2, 0), (2, 0), (2, 0), (2, 0), (2, 0), (2, 0), (2, 0), (2, 0), (2, 0), (2, 0), (2, 0), (2, 0), (2, 0), (2, 0), (2, 0), (2, 0), (2, 0), (2, 0), (2, 0), (2, 0), (2, 0), (2, 0), (2, 0), (2, 0), (2, 0), (2, 0), (2, 0)
(3, 0), (3, 0), (3, 0), (3, 0), (3, 0), (3, 0), (3, 0), (3, 0), (3, 0), (3, 0), (3, 0), (3, 0), (3, 0), (3, 0), (3, 0), (3, 0), (3, 0), (3, 0), (3, 0), (3, 0), (3, 0), (3, 0), (3, 0), (3, 0), (3, 0), (3, 0), (3, 0), (3, 0), (3, 0), (3, 0), (3, 0), (3, 0), (3, 0), (3, 0), (3, 0), (3, 0), (3, 0), (3, 0), (3, 0), (3, 0), (3, 0), (3, 0), (3, 0), (3, 0), (3, 0), (3, 0), (3, 0), (3, 0), (3, 0), (3, 0)
(4, 0), (4, 0), (4, 0), (4, 0), (4, 0), (4, 0), (4, 0), (4, 0), (4, 0), (4, 0), (4, 0), (4, 0), (4, 0), (4, 0), (4, 0), (4, 0), (4, 0), (4, 0), (4, 0), (4, 0), (4, 0), (4, 0), (4, 0), (4, 0), (4, 0), (4, 0), (4, 0), (4, 0), (4, 0), (4, 0), (4, 0), (4, 0), (4, 0), (4, 0), (4, 0), (4, 0), (4, 0), (4, 0), (4, 0), (4, 0), (4, 0), (4, 0), (4, 0), (4, 0), (4, 0), (4, 0), (4, 0), (4, 0), (4, 0), (4, 0)
(5, 0), (5, 0), (5, 0), (5, 0), (5, 0), (5, 0), (5, 0), (5, 0), (5, 0), (5, 0), (5, 0), (5, 0), (5, 0), (5, 0), (5, 0), (5, 0), (5, 0), (5, 0), (5, 0), (5, 0), (5, 0), (5, 0), (5, 0), (5, 0), (5, 0), (5, 0), (5, 0), (5, 0), (5, 0), (5, 0), (5, 0), (5, 0), (5, 0), (5, 0), (5, 0), (5, 0), (5, 0), (5, 0), (5, 0), (5, 0), (5, 0), (5, 0), (5, 0), (5, 0), (5, 0), (5, 0), (5, 0), (5, 0), (5, 0), (5, 0)
(6, 0), (6, 0), (6, 0), (6, 0), (6, 0), (6, 0), (6, 0), (6, 0), (6, 0), (6, 0), (6, 0), (6, 0), (6, 0), (6, 0), (6, 0), (6, 0), (6, 0), (6, 0), (6, 0), (6, 0), (6, 0), (6, 0), (6, 0), (6, 0), (6, 0), (6, 0), (6, 0), (6, 0), (6, 0), (6, 0), (6, 0), (6, 0), (6, 0), (6, 0), (6, 0), (6, 0), (6, 0), (6, 0), (6, 0), (6, 0), (6, 0), (6, 0), (6, 0), (6, 0), (6, 0), (6, 0), (6, 0), (6, 0), (6, 0), (6, 0)
(7, 0), (7, 0), (7, 0), (7, 0), (7, 0), (7, 0), (7, 0), (7, 0), (7, 0), (7, 0), (7, 0), (7, 0), (7, 0), (7, 0), (7, 0), (7, 0), (7, 0), (7, 0), (7, 0), (7, 0), (7, 0), (7, 0), (7, 0), (7, 0), (7, 0), (7, 0), (7, 0), (7, 0), (7, 0), (7, 0), (7, 0), (7, 0), (7, 0), (7, 0), (7, 0), (7, 0), (7, 0), (7, 0), (7, 0), (7, 0), (7, 0), (7, 0), (7, 0), (7, 0), (7, 0), (7, 0), (7, 0), (7, 0), (7, 0), (7, 0)
(5, 443.85), (1, 41.4), (2, 306.47), (3, 472.7), (4, 313.08), (5, 443.85), (6, 458.89), (7, 493.69), (1, 41.4), (1, 41.4), (1, 41.4), (1, 41.4), (1, 41.4), (1, 41.4), (2, 306.47), (2, 306.47), (2, 306.47), (2, 306.47), (1, 41.4), (2, 306.47), (3, 472.7), (1, 41.4), (3, 472.7), (3, 472.7), (3, 472.7), (3, 472.7), (1, 41.4), (1, 41.4), (4, 313.08), (1, 41.4), (1, 41.4), (1, 41.4), (1, 41.4), (1, 41.4), (5, 443.85), (1, 41.4), (1, 41.4), (5, 443.85), (2, 306.47), (2, 306.47), (2, 306.47), (2, 306.47), (2, 306.47), (2, 306.47), (7, 493.69), (6, 458.89), (1, 41.4), (7, 493.69), (1, 41.4), (7, 493.69)
(5, 405.67), (1, 85.98), (2, 306.2), (3, 443.22), (4, 357.21), (5, 405.67), (6, 448.76), (7, 471.18), (1, 85.98), (1, 85.98), (1, 85.98), (1, 85.98), (1, 85.98), (1, 85.98), (2, 306.2), (2, 306.2), (2, 306.2), (2, 306.2), (1, 85.98), (2, 306.2), (3, 443.22), (3, 443.22), (3, 443.22), (3, 443.22), (3, 443.22), (3, 443.22), (1, 85.98), (1, 85.98), (4, 357.21), (1, 85.98), (1, 85.98), (1, 85.98), (1, 85.98), (5, 405.67), (5, 405.67), (5, 405.67), (5, 405.67), (5, 405.67), (2, 306.2), (2, 306.2), (2, 306.2), (2, 306.2), (2, 306.2), (2, 306.2), (7, 471.18), (6, 448.76), (7, 471.18), (7, 471.18), (3, 443.22), (7, 471.18)
(5, 400.68), (1, 81.84), (2, 275.94), (3, 428.59), (4, 341.81), (5, 400.68), (6, 422.02), (7, 451.16), (1, 81.84), (1, 81.84), (1, 81.84), (1, 81.84), (1, 81.84), (1, 81.84), (2, 275.94), (2, 275.94), (2, 275.94), (2, 275.94), (1, 81.84), (2, 275.94), (3, 428.59), (3, 428.59), (3, 428.59), (3, 428.59), (3, 428.59), (3, 428.59), (1, 81.84), (1, 81.84), (4, 341.81), (1, 81.84), (1, 81.84), (1, 81.84), (1, 81.84), (5, 400.68), (5, 400.68), (5, 400.68), (5, 400.68), (5, 400.68), (2, 275.94), (2, 275.94), (2, 275.94), (2, 275.94), (2, 275.94), (2, 275.94), (7, 451.16), (6, 422.02), (2, 275.94), (7, 451.16), (2, 275.94), (7, 451.16)
(5, 426.48), (1, 105.34), (2, 212.64), (3, 425.85), (4, 287.24), (5, 426.48), (6, 374.04), (7, 429.63), (1, 105.34), (1, 105.34), (1, 105.34), (1, 105.34), (1, 105.34), (1, 105.34), (2, 212.64), (2, 212.64), (2, 212.64), (2, 212.64), (2, 212.64), (2, 212.64), (3, 425.85), (2, 212.64), (3, 425.85), (3, 425.85), (3, 425.85), (3, 425.85), (4, 287.24), (4, 287.24), (4, 287.24), (4, 287.24), (1, 105.34), (1, 105.34), (2, 212.64), (5, 426.48), (5, 426.48), (5, 426.48), (2, 212.64), (5, 426.48), (2, 212.64), (2, 212.64), (2, 212.64), (2, 212.64), (2, 212.64), (2, 212.64), (2, 212.64), (2, 212.64), (2, 212.64), (7, 429.63), (2, 212.64), (7, 429.63)
(5, 489.77), (1, 50.54), (2, 284.61), (3, 499.0), (4, 239.84), (5, 489.77), (6, 449.0), (7, 505.81), (1, 50.54), (1, 50.54), (1, 50.54), (1, 50.54), (1, 50.54), (1, 50.54), (2, 284.61), (2, 284.61), (2, 284.61), (2, 284.61), (1, 50.54), (2, 284.61), (1, 50.54), (1, 50.54), (3, 499.0), (3, 499.0), (3, 499.0), (3, 499.0), (4, 239.84), (4, 239.84), (4, 239.84), (4, 239.84), (1, 50.54), (1, 50.54), (1, 50.54), (1, 50.54), (5, 489.77), (1, 50.54), (1, 50.54), (5, 489.77), (2, 284.61), (2, 284.61), (2, 284.61), (2, 284.61), (2, 284.61), (2, 284.61), (2, 284.61), (2, 284.61), (2, 284.61), (7, 505.81), (1, 50.54), (7, 505.81)
(5, 468.02), (1, 65.52), (2, 358.22), (3, 508.82), (4, 331.3), (5, 468.02), (6, 508.1), (7, 536.01), (1, 65.52), (1, 65.52), (1, 65.52), (1, 65.52), (1, 65.52), (1, 65.52), (2, 358.22), (2, 358.22), (2, 358.22), (2, 358.22), (1, 65.52), (2, 358.22), (3, 508.82), (1, 65.52), (3, 508.82), (3, 508.82), (3, 508.82), (3, 508.82), (1, 65.52), (1, 65.52), (4, 331.3), (1, 65.52), (1, 65.52), (1, 65.52), (1, 65.52), (1, 65.52), (5, 468.02), (1, 65.52), (1, 65.52), (5, 468.02), (1, 65.52), (2, 358.22), (2, 358.22), (2, 358.22), (2, 358.22), (2, 358.22), (7, 536.01), (6, 508.1), (1, 65.52), (7, 536.01), (1, 65.52), (7, 536.01)
(7, 257.39), (1, 359.09), (2, 44.05), (3, 307.42), (4, 436.71), (5, 389.34), (6, 142.68), (7, 257.39), (2, 44.05), (2, 44.05), (2, 44.05), (2, 44.05), (2, 44.05), (2, 44.05), (2, 44.05), (2, 44.05), (2, 44.05), (2, 44.05), (2, 44.05), (2, 44.05), (3, 307.42), (2, 44.05), (3, 307.42), (7, 257.39), (7, 257.39), (3, 307.42), (2, 44.05), (2, 44.05), (4, 436.71), (2, 44.05), (2, 44.05), (2, 44.05), (2, 44.05), (2, 44.05), (2, 44.05), (2, 44.05), (2, 44.05), (5, 389.34), (6, 142.68), (2, 44.05), (2, 44.05), (2, 44.05), (2, 44.05), (6, 142.68), (6, 142.68), (6, 142.68), (2, 44.05), (7, 257.39), (2, 44.05), (7, 257.39)
(7, 282.52), (1, 378.43), (2, 76.66), (3, 339.16), (4, 431.0), (5, 425.99), (6, 155.6), (7, 282.52), (2, 76.66), (2, 76.66), (2, 76.66), (2, 76.66), (2, 76.66), (2, 76.66), (2, 76.66), (2, 76.66), (2, 76.66), (2, 76.66), (2, 76.66), (2, 76.66), (3, 339.16), (2, 76.66), (3, 339.16), (7, 282.52), (7, 282.52), (7, 282.52), (4, 431.0), (4, 431.0), (4, 431.0), (2, 76.66), (2, 76.66), (2, 76.66), (2, 76.66), (2, 76.66), (2, 76.66), (2, 76.66), (2, 76.66), (5, 425.99), (6, 155.6), (2, 76.66), (2, 76.66), (2, 76.66), (6, 155.6), (6, 155.6), (6, 155.6), (6, 155.6), (6, 155.6), (7, 282.52), (2, 76.66), (6, 155.6)
(7, 266.66), (1, 359.88), (2, 49.04), (3, 317.65), (4, 430.77), (5, 399.72), (6, 149.16), (7, 266.66), (2, 49.04), (2, 49.04), (2, 49.04), (2, 49.04), (2, 49.04), (2, 49.04), (2, 49.04), (2, 49.04), (2, 49.04), (2, 49.04), (2, 49.04), (2, 49.04), (2, 49.04), (2, 49.04), (3, 317.65), (7, 266.66), (7, 266.66), (3, 317.65), (2, 49.04), (2, 49.04), (4, 430.77), (2, 49.04), (2, 49.04), (2, 49.04), (2, 49.04), (2, 49.04), (2, 49.04), (2, 49.04), (2, 49.04), (5, 399.72), (6, 149.16), (2, 49.04), (2, 49.04), (2, 49.04), (2, 49.04), (6, 149.16), (6, 149.16), (6, 149.16), (2, 49.04), (7, 266.66), (2, 49.04), (7, 266.66)
(3, 296.81), (1, 317.04), (2, 6.08), (3, 296.81), (4, 418.44), (5, 363.88), (6, 167.67), (7, 260.76), (2, 6.08), (2, 6.08), (2, 6.08), (2, 6.08), (2, 6.08), (2, 6.08), (2, 6.08), (2, 6.08), (2, 6.08), (2, 6.08), (2, 6.08), (2, 6.08), (2, 6.08), (2, 6.08), (3, 296.81), (2, 6.08), (2, 6.08), (3, 296.81), (2, 6.08), (2, 6.08), (4, 418.44), (2, 6.08), (2, 6.08), (2, 6.08), (2, 6.08), (2, 6.08), (2, 6.08), (2, 6.08), (2, 6.08), (5, 363.88), (2, 6.08), (2, 6.08), (2, 6.08), (2, 6.08), (2, 6.08), (2, 6.08), (2, 6.08), (2, 6.08), (2, 6.08), (7, 260.76), (2, 6.08), (7, 260.76)
(3, 259.8), (1, 277.22), (2, 88.89), (3, 259.8), (4, 434.53), (5, 299.67), (6, 204.28), (7, 250.96), (1, 277.22), (1, 277.22), (1, 277.22), (2, 88.89), (1, 277.22), (1, 277.22), (2, 88.89), (2, 88.89), (2, 88.89), (2, 88.89), (2, 88.89), (2, 88.89), (3, 259.8), (3, 259.8), (3, 259.8), (3, 259.8), (3, 259.8), (3, 259.8), (4, 434.53), (4, 434.53), (4, 434.53), (2, 88.89), (2, 88.89), (1, 277.22), (3, 259.8), (5, 299.67), (5, 299.67), (5, 299.67), (3, 259.8), (5, 299.67), (6, 204.28), (2, 88.89), (2, 88.89), (2, 88.89), (2, 88.89), (6, 204.28), (6, 204.28), (6, 204.28), (7, 250.96), (7, 250.96), (2, 88.89), (7, 250.96)
(6, 161.45), (1, 454.27), (2, 155.42), (3, 374.99), (4, 477.03), (5, 478.08), (6, 161.45), (7, 302.79), (2, 155.42), (2, 155.42), (2, 155.42), (2, 155.42), (2, 155.42), (2, 155.42), (2, 155.42), (2, 155.42), (2, 155.42), (2, 155.42), (2, 155.42), (2, 155.42), (6, 161.45), (6, 161.45), (6, 161.45), (6, 161.45), (6, 161.45), (7, 302.79), (4, 477.03), (4, 477.03), (4, 477.03), (4, 477.03), (2, 155.42), (2, 155.42), (6, 161.45), (2, 155.42), (6, 161.45), (2, 155.42), (6, 161.45), (3, 374.99), (6, 161.45), (6, 161.45), (2, 155.42), (6, 161.45), (6, 161.45), (6, 161.45), (6, 161.45), (6, 161.45), (6, 161.45), (6, 161.45), (6, 161.45), (6, 161.45)
(3, 39.7), (1, 485.49), (2, 307.61), (3, 39.7), (4, 686.43), (5, 98.88), (6, 247.58), (7, 129.87), (3, 39.7), (3, 39.7), (3, 39.7), (3, 39.7), (1, 485.49), (3, 39.7), (3, 39.7), (3, 39.7), (2, 307.61), (2, 307.61), (3, 39.7), (6, 247.58), (3, 39.7), (3, 39.7), (3, 39.7), (3, 39.7), (3, 39.7), (3, 39.7), (2, 307.61), (4, 686.43), (4, 686.43), (2, 307.61), (2, 307.61), (1, 485.49), (3, 39.7), (5, 98.88), (5, 98.88), (5, 98.88), (3, 39.7), (5, 98.88), (3, 39.7), (3, 39.7), (3, 39.7), (6, 247.58), (3, 39.7), (6, 247.58), (7, 129.87), (3, 39.7), (3, 39.7), (3, 39.7), (3, 39.7), (3, 39.7)
(3, 48.88), (1, 470.63), (2, 253.65), (3, 48.88), (4, 649.6), (5, 163.49), (6, 179.4), (7, 74.2), (1, 470.63), (3, 48.88), (3, 48.88), (2, 253.65), (1, 470.63), (1, 470.63), (2, 253.65), (2, 253.65), (2, 253.65), (2, 253.65), (3, 48.88), (6, 179.4), (3, 48.88), (3, 48.88), (3, 48.88), (3, 48.88), (3, 48.88), (3, 48.88), (2, 253.65), (2, 253.65), (4, 649.6), (2, 253.65), (2, 253.65), (2, 253.65), (3, 48.88), (3, 48.88), (3, 48.88), (3, 48.88), (3, 48.88), (3, 48.88), (7, 74.2), (7, 74.2), (6, 179.4), (6, 179.4), (6, 179.4), (6, 179.4), (7, 74.2), (7, 74.2), (7, 74.2), (7, 74.2), (3, 48.88), (7, 74.2)
(3, 78.01), (1, 569.72), (2, 380.2), (3, 78.01), (4, 768.92), (5, 132.77), (6, 290.06), (7, 150.48), (3, 78.01), (3, 78.01), (3, 78.01), (3, 78.01), (3, 78.01), (3, 78.01), (3, 78.01), (3, 78.01), (3, 78.01), (3, 78.01), (3, 78.01), (6, 290.06), (3, 78.01), (3, 78.01), (3, 78.01), (3, 78.01), (3, 78.01), (3, 78.01), (3, 78.01), (3, 78.01), (4, 768.92), (3, 78.01), (3, 78.01), (3, 78.01), (3, 78.01), (5, 132.77), (5, 132.77), (5, 132.77), (3, 78.01), (5, 132.77), (3, 78.01), (3, 78.01), (3, 78.01), (6, 290.06), (3, 78.01), (6, 290.06), (7, 150.48), (7, 150.48), (3, 78.01), (3, 78.01), (3, 78.01), (3, 78.01)
(3, 26.4), (1, 521.46), (2, 303.12), (3, 26.4), (4, 702.26), (5, 162.0), (6, 207.8), (7, 72.18), (3, 26.4), (3, 26.4), (3, 26.4), (3, 26.4), (3, 26.4), (3, 26.4), (7, 72.18), (7, 72.18), (7, 72.18), (2, 303.12), (3, 26.4), (6, 207.8), (3, 26.4), (3, 26.4), (3, 26.4), (3, 26.4), (3, 26.4), (3, 26.4), (2, 303.12), (2, 303.12), (4, 702.26), (2, 303.12), (3, 26.4), (3, 26.4), (3, 26.4), (3, 26.4), (3, 26.4), (3, 26.4), (3, 26.4), (3, 26.4), (7, 72.18), (7, 72.18), (6, 207.8), (6, 207.8), (7, 72.18), (6, 207.8), (7, 72.18), (7, 72.18), (3, 26.4), (7, 72.18), (3, 26.4), (7, 72.18)
(3, 34.48), (1, 514.25), (2, 290.08), (3, 34.48), (4, 691.18), (5, 171.13), (6, 193.34), (7, 59.48), (3, 34.48), (3, 34.48), (3, 34.48), (3, 34.48), (3, 34.48), (3, 34.48), (7, 59.48), (7, 59.48), (7, 59.48), (2, 290.08), (3, 34.48), (6, 193.34), (3, 34.48), (3, 34.48), (3, 34.48), (3, 34.48), (3, 34.48), (3, 34.48), (2, 290.08), (2, 290.08), (4, 691.18), (2, 290.08), (2, 290.08), (2, 290.08), (3, 34.48), (3, 34.48), (3, 34.48), (3, 34.48), (3, 34.48), (3, 34.48), (7, 59.48), (7, 59.48), (6, 193.34), (6, 193.34), (7, 59.48), (6, 193.34), (7, 59.48), (7, 59.48), (7, 59.48), (7, 59.48), (3, 34.48), (7, 59.48)
(3, 66.24), (1, 570.48), (2, 363.59), (3, 66.24), (4, 760.03), (5, 157.44), (6, 262.77), (7, 121.4), (3, 66.24), (3, 66.24), (3, 66.24), (3, 66.24), (3, 66.24), (3, 66.24), (3, 66.24), (7, 121.4), (3, 66.24), (3, 66.24), (3, 66.24), (7, 121.4), (3, 66.24), (3, 66.24), (3, 66.24), (3, 66.24), (3, 66.24), (3, 66.24), (3, 66.24), (3, 66.24), (3, 66.24), (3, 66.24), (3, 66.24), (3, 66.24), (3, 66.24), (3, 66.24), (3, 66.24), (5, 157.44), (3, 66.24), (5, 157.44), (7, 121.4), (3, 66.24), (7, 121.4), (6, 262.77), (7, 121.4), (6, 262.77), (7, 121.4), (7, 121.4), (3, 66.24), (7, 121.4), (3, 66.24), (3, 66.24)
(3, 687.49), (1, 291.32), (2, 401.36), (3, 687.49), (4, 36.12), (5, 712.01), (6, 562.48), (7, 665.09), (1, 291.32), (1, 291.32), (1, 291.32), (4, 36.12), (4, 36.12), (1, 291.32), (2, 401.36), (4, 36.12), (2, 401.36), (2, 401.36), (4, 36.12), (4, 36.12), (2, 401.36), (2, 401.36), (3, 687.49), (2, 401.36), (2, 401.36), (3, 687.49), (4, 36.12), (4, 36.12), (4, 36.12), (4, 36.12), (4, 36.12), (4, 36.12), (4, 36.12), (4, 36.12), (5, 712.01), (4, 36.12), (4, 36.12), (5, 712.01), (2, 401.36), (2, 401.36), (4, 36.12), (4, 36.12), (2, 401.36), (2, 401.36), (2, 401.36), (2, 401.36), (2, 401.36), (2, 401.36), (2, 401.36), (2, 401.36)
(5, 695.14), (1, 262.19), (2, 397.21), (3, 676.63), (4, 17.89), (5, 695.14), (6, 561.63), (7, 658.66), (1, 262.19), (1, 262.19), (1, 262.19), (4, 17.89), (4, 17.89), (1, 262.19), (2, 397.21), (4, 17.89), (2, 397.21), (2, 397.21), (4, 17.89), (4, 17.89), (4, 17.89), (2, 397.21), (3, 676.63), (2, 397.21), (2, 397.21), (3, 676.63), (4, 17.89), (4, 17.89), (4, 17.89), (4, 17.89), (4, 17.89), (4, 17.89), (4, 17.89), (4, 17.89), (5, 695.14), (4, 17.89), (4, 17.89), (5, 695.14), (2, 397.21), (2, 397.21), (4, 17.89), (4, 17.89), (2, 397.21), (2, 397.21), (2, 397.21), (2, 397.21), (2, 397.21), (2, 397.21), (2, 397.21), (7, 658.66)
(4, 16.64), (1, 290.04), (2, 429.05), (3, 709.81), (4, 16.64), (5, 728.25), (6, 592.5), (7, 691.17), (4, 16.64), (4, 16.64), (4, 16.64), (4, 16.64), (4, 16.64), (4, 16.64), (4, 16.64), (4, 16.64), (4, 16.64), (4, 16.64), (4, 16.64), (4, 16.64), (4, 16.64), (4, 16.64), (4, 16.64), (4, 16.64), (4, 16.64), (3, 709.81), (4, 16.64), (4, 16.64), (4, 16.64), (4, 16.64), (4, 16.64), (4, 16.64), (4, 16.64), (4, 16.64), (4, 16.64), (4, 16.64), (4, 16.64), (4, 16.64), (2, 429.05), (2, 429.05), (4, 16.64), (4, 16.64), (4, 16.64), (4, 16.64), (2, 429.05), (2, 429.05), (4, 16.64), (4, 16.64), (4, 16.64), (7, 691.17)
(3, 674.26), (1, 284.42), (2, 387.55), (3, 674.26), (4, 44.28), (5, 699.87), (6, 548.56), (7, 651.39), (1, 284.42), (1, 284.42), (1, 284.42), (4, 44.28), (4, 44.28), (1, 284.42), (2, 387.55), (2, 387.55), (2, 387.55), (2, 387.55), (2, 387.55), (4, 44.28), (2, 387.55), (2, 387.55), (3, 674.26), (2, 387.55), (2, 387.55), (3, 674.26), (4, 44.28), (4, 44.28), (4, 44.28), (4, 44.28), (4, 44.28), (4, 44.28), (2, 387.55), (4, 44.28), (5, 699.87), (1, 284.42), (2, 387.55), (5, 699.87), (2, 387.55), (2, 387.55), (2, 387.55), (2, 387.55), (2, 387.55), (2, 387.55), (2, 387.55), (2, 387.55), (2, 387.55), (2, 387.55), (2, 387.55), (2, 387.55)
(5, 618.86), (1, 189.17), (2, 336.81), (3, 605.46), (4, 93.6), (5, 618.86), (6, 504.81), (7, 592.9), (1, 189.17), (1, 189.17), (1, 189.17), (1, 189.17), (1, 189.17), (1, 189.17), (2, 336.81), (2, 336.81), (2, 336.81), (2, 336.81), (2, 336.81), (2, 336.81), (2, 336.81), (2, 336.81), (3, 605.46), (3, 605.46), (2, 336.81), (3, 605.46), (4, 93.6), (4, 93.6), (4, 93.6), (4, 93.6), (4, 93.6), (4, 93.6), (2, 336.81), (1, 189.17), (5, 618.86), (1, 189.17), (1, 189.17), (5, 618.86), (2, 336.81), (2, 336.81), (2, 336.81), (2, 336.81), (2, 336.81), (2, 336.81), (2, 336.81), (2, 336.81), (2, 336.81), (2, 336.81), (2, 336.81), (7, 592.9)
(5, 646.98), (1, 190.71), (2, 382.67), (3, 642.15), (4, 86.21), (5, 646.98), (6, 551.51), (7, 634.52), (1, 190.71), (1, 190.71), (1, 190.71), (1, 190.71), (1, 190.71), (1, 190.71), (2, 382.67), (2, 382.67), (2, 382.67), (2, 382.67), (1, 190.71), (2, 382.67), (1, 190.71), (2, 382.67), (3, 642.15), (3, 642.15), (2, 382.67), (3, 642.15), (4, 86.21), (4, 86.21), (4, 86.21), (4, 86.21), (4, 86.21), (4, 86.21), (1, 190.71), (1, 190.71), (5, 646.98), (1, 190.71), (1, 190.71), (5, 646.98), (2, 382.67), (2, 382.67), (2, 382.67), (2, 382.67), (2, 382.67), (2, 382.67), (2, 382.67), (2, 382.67), (2, 382.67), (7, 634.52), (2, 382.67), (7, 634.52)
(5, 106.92), (1, 421.73), (2, 264.77), (3, 91.27), (4, 627.66), (5, 106.92), (6, 240.97), (7, 156.4), (1, 421.73), (1, 421.73), (1, 421.73), (2, 264.77), (1, 421.73), (1, 421.73), (2, 264.77), (2, 264.77), (2, 264.77), (2, 264.77), (3, 91.27), (6, 240.97), (3, 91.27), (3, 91.27), (3, 91.27), (3, 91.27), (3, 91.27), (3, 91.27), (4, 627.66), (4, 627.66), (4, 627.66), (2, 264.77), (2, 264.77), (1, 421.73), (3, 91.27), (5, 106.92), (5, 106.92), (5, 106.92), (3, 91.27), (5, 106.92), (7, 156.4), (3, 91.27), (6, 240.97), (6, 240.97), (6, 240.97), (6, 240.97), (7, 156.4), (7, 156.4), (3, 91.27), (3, 91.27), (3, 91.27), (3, 91.27)
(5, 79.25), (1, 404.75), (2, 304.49), (3, 147.33), (4, 632.85), (5, 79.25), (6, 305.42), (7, 223.33), (1, 404.75), (5, 79.25), (5, 79.25), (5, 79.25), (1, 404.75), (1, 404.75), (2, 304.49), (2, 304.49), (2, 304.49), (2, 304.49), (5, 79.25), (2, 304.49), (5, 79.25), (3, 147.33), (5, 79.25), (3, 147.33), (3, 147.33), (3, 147.33), (4, 632.85), (4, 632.85), (4, 632.85), (4, 632.85), (1, 404.75), (1, 404.75), (5, 79.25), (5, 79.25), (5, 79.25), (5, 79.25), (5, 79.25), (5, 79.25), (3, 147.33), (3, 147.33), (2, 304.49), (6, 305.42), (6, 305.42), (6, 305.42), (7, 223.33), (7, 223.33), (3, 147.33), (3, 147.33), (3, 147.33), (3, 147.33)
(5, 24.84), (1, 490.43), (2, 360.62), (3, 113.02), (4, 713.47), (5, 24.84), (6, 321.17), (7, 205.72), (5, 24.84), (5, 24.84), (5, 24.84), (5, 24.84), (5, 24.84), (5, 24.84), (2, 360.62), (2, 360.62), (2, 360.62), (2, 360.62), (5, 24.84), (6, 321.17), (5, 24.84), (3, 113.02), (5, 24.84), (3, 113.02), (3, 113.02), (3, 113.02), (5, 24.84), (5, 24.84), (4, 713.47), (5, 24.84), (5, 24.84), (5, 24.84), (5, 24.84), (5, 24.84), (5, 24.84), (5, 24.84), (5, 24.84), (5, 24.84), (3, 113.02), (3, 113.02), (3, 113.02), (6, 321.17), (3, 113.02), (6, 321.17), (7, 205.72), (3, 113.02), (3, 113.02), (3, 113.02), (3, 113.02), (3, 113.02)
(5, 70.18), (1, 422.0), (2, 351.65), (3, 182.41), (4, 662.33), (5, 70.18), (6, 355.24), (7, 266.06), (1, 422.0), (5, 70.18), (5, 70.18), (5, 70.18), (1, 422.0), (1, 422.0), (2, 351.65), (2, 351.65), (2, 351.65), (2, 351.65), (5, 70.18), (2, 351.65), (5, 70.18), (3, 182.41), (5, 70.18), (3, 182.41), (3, 182.41), (5, 70.18), (4, 662.33), (4, 662.33), (4, 662.33), (1, 422.0), (1, 422.0), (1, 422.0), (5, 70.18), (5, 70.18), (5, 70.18), (5, 70.18), (5, 70.18), (5, 70.18), (3, 182.41), (5, 70.18), (2, 351.65), (6, 355.24), (6, 355.24), (6, 355.24), (7, 266.06), (7, 266.06), (3, 182.41), (3, 182.41), (5, 70.18), (3, 182.41)
(5, 92.05), (1, 416.7), (2, 277.88), (3, 106.96), (4, 630.24), (5, 92.05), (6, 262.29), (7, 177.73), (1, 416.7), (5, 92.05), (5, 92.05), (2, 277.88), (1, 416.7), (1, 416.7), (2, 277.88), (2, 277.88), (2, 277.88), (2, 277.88), (3, 106.96), (6, 262.29), (3, 106.96), (3, 106.96), (3, 106.96), (3, 106.96), (3, 106.96), (3, 106.96), (4, 630.24), (4, 630.24), (4, 630.24), (2, 277.88), (1, 416.7), (1, 416.7), (3, 106.96), (5, 92.05), (5, 92.05), (5, 92.05), (5, 92.05), (5, 92.05), (7, 177.73), (3, 106.96), (6, 262.29), (6, 262.29), (6, 262.29), (6, 262.29), (7, 177.73), (7, 177.73), (3, 106.96), (3, 106.96), (3, 106.96), (3, 106.96)
(5, 112.68), (1, 585.82), (2, 479.55), (3, 209.77), (4, 822.66), (5, 112.68), (6, 430.03), (7, 300.53), (5, 112.68), (5, 112.68), (5, 112.68), (5, 112.68), (5, 112.68), (5, 112.68), (5, 112.68), (5, 112.68), (5, 112.68), (5, 112.68), (5, 112.68), (3, 209.77), (5, 112.68), (3, 209.77), (5, 112.68), (3, 209.77), (3, 209.77), (5, 112.68), (5, 112.68), (5, 112.68), (4, 822.66), (5, 112.68), (5, 112.68), (5, 112.68), (5, 112.68), (5, 112.68), (5, 112.68), (5, 112.68), (5, 112.68), (5, 112.68), (3, 209.77), (5, 112.68), (3, 209.77), (3, 209.77), (3, 209.77), (6, 430.03), (7, 300.53), (3, 209.77), (3, 209.77), (3, 209.77), (5, 112.68), (3, 209.77)
(7, 86.84), (1, 468.15), (2, 185.15), (3, 158.81), (4, 600.02), (5, 277.78), (6, 63.07), (7, 86.84), (2, 185.15), (2, 185.15), (2, 185.15), (2, 185.15), (2, 185.15), (1, 468.15), (6, 63.07), (6, 63.07), (6, 63.07), (2, 185.15), (6, 63.07), (6, 63.07), (3, 158.81), (7, 86.84), (3, 158.81), (7, 86.84), (7, 86.84), (7, 86.84), (2, 185.15), (2, 185.15), (2, 185.15), (2, 185.15), (2, 185.15), (2, 185.15), (7, 86.84), (3, 158.81), (3, 158.81), (3, 158.81), (7, 86.84), (3, 158.81), (6, 63.07), (6, 63.07), (6, 63.07), (6, 63.07), (6, 63.07), (6, 63.07), (7, 86.84), (6, 63.07), (7, 86.84), (7, 86.84), (7, 86.84), (7, 86.84)
(7, 179.66), (1, 393.41), (2, 90.48), (3, 231.81), (4, 505.4), (5, 324.56), (6, 83.6), (7, 179.66), (2, 90.48), (2, 90.48), (2, 90.48), (2, 90.48), (2, 90.48), (2, 90.48), (2, 90.48), (2, 90.48), (2, 90.48), (2, 90.48), (2, 90.48), (6, 83.6), (3, 231.81), (7, 179.66), (3, 231.81), (7, 179.66), (7, 179.66), (3, 231.81), (2, 90.48), (2, 90.48), (2, 90.48), (2, 90.48), (2, 90.48), (2, 90.48), (3, 231.81), (3, 231.81), (3, 231.81), (5, 324.56), (3, 231.81), (5, 324.56), (6, 83.6), (6, 83.6), (6, 83.6), (6, 83.6), (6, 83.6), (6, 83.6), (6, 83.6), (6, 83.6), (6, 83.6), (7, 179.66), (6, 83.6), (7, 179.66)
(6, 122.8), (1, 433.06), (2, 121.51), (3, 330.65), (4, 482.47), (5, 432.12), (6, 122.8), (7, 261.66), (2, 121.51), (2, 121.51), (2, 121.51), (2, 121.51), (2, 121.51), (2, 121.51), (2, 121.51), (2, 121.51), (2, 121.51), (2, 121.51), (2, 121.51), (2, 121.51), (3, 330.65), (6, 122.8), (3, 330.65), (6, 122.8), (6, 122.8), (7, 261.66), (4, 482.47), (4, 482.47), (4, 482.47), (2, 121.51), (2, 121.51), (2, 121.51), (6, 122.8), (2, 121.51), (3, 330.65), (2, 121.51), (6, 122.8), (3, 330.65), (6, 122.8), (6, 122.8), (2, 121.51), (6, 122.8), (6, 122.8), (6, 122.8), (6, 122.8), (6, 122.8), (6, 122.8), (7, 261.66), (6, 122.8), (6, 122.8)
(6, 129.29), (1, 485.56), (2, 174.2), (3, 349.53), (4, 522.69), (5, 461.33), (6, 129.29), (7, 270.88), (2, 174.2), (2, 174.2), (2, 174.2), (2, 174.2), (2, 174.2), (2, 174.2), (2, 174.2), (2, 174.2), (2, 174.2), (2, 174.2), (2, 174.2), (6, 129.29), (6, 129.29), (6, 129.29), (6, 129.29), (6, 129.29), (6, 129.29), (6, 129.29), (4, 522.69), (4, 522.69), (4, 522.69), (2, 174.2), (2, 174.2), (2, 174.2), (6, 129.29), (6, 129.29), (6, 129.29), (6, 129.29), (6, 129.29), (3, 349.53), (6, 129.29), (6, 129.29), (6, 129.29), (6, 129.29), (6, 129.29), (6, 129.29), (6, 129.29), (6, 129.29), (6, 129.29), (6, 129.29), (6, 129.29), (6, 129.29)
(7, 164.3), (1, 439.53), (2, 129.87), (3, 232.88), (4, 540.56), (5, 340.92), (6, 39.46), (7, 164.3), (2, 129.87), (2, 129.87), (2, 129.87), (2, 129.87), (2, 129.87), (2, 129.87), (2, 129.87), (6, 39.46), (2, 129.87), (2, 129.87), (2, 129.87), (6, 39.46), (3, 232.88), (6, 39.46), (3, 232.88), (7, 164.3), (7, 164.3), (7, 164.3), (2, 129.87), (2, 129.87), (4, 540.56), (2, 129.87), (2, 129.87), (2, 129.87), (6, 39.46), (6, 39.46), (3, 232.88), (6, 39.46), (6, 39.46), (3, 232.88), (6, 39.46), (6, 39.46), (6, 39.46), (6, 39.46), (6, 39.46), (6, 39.46), (6, 39.46), (6, 39.46), (6, 39.46), (7, 164.3), (6, 39.46), (6, 39.46)
(6, 26.68), (1, 475.84), (2, 162.08), (3, 247.73), (4, 565.69), (5, 364.64), (6, 26.68), (7, 168.55), (2, 162.08), (2, 162.08), (2, 162.08), (2, 162.08), (2, 162.08), (2, 162.08), (6, 26.68), (6, 26.68), (6, 26.68), (2, 162.08), (6, 26.68), (6, 26.68), (6, 26.68), (6, 26.68), (6, 26.68), (6, 26.68), (6, 26.68), (6, 26.68), (2, 162.08), (2, 162.08), (4, 565.69), (2, 162.08), (2, 162.08), (2, 162.08), (6, 26.68), (6, 26.68), (6, 26.68), (6, 26.68), (6, 26.68), (6, 26.68), (6, 26.68), (6, 26.68), (6, 26.68), (6, 26.68), (6, 26.68), (6, 26.68), (6, 26.68), (6, 26.68), (6, 26.68), (6, 26.68), (6, 26.68), (6, 26.68)
(7, 64.85), (1, 547.0), (2, 262.57), (3, 158.09), (4, 677.55), (5, 293.54), (6, 107.48), (7, 64.85), (7, 64.85), (7, 64.85), (7, 64.85), (2, 262.57), (2, 262.57), (7, 64.85), (6, 107.48), (6, 107.48), (6, 107.48), (2, 262.57), (6, 107.48), (6, 107.48), (7, 64.85), (7, 64.85), (7, 64.85), (7, 64.85), (7, 64.85), (7, 64.85), (2, 262.57), (2, 262.57), (2, 262.57), (2, 262.57), (2, 262.57), (2, 262.57), (7, 64.85), (7, 64.85), (7, 64.85), (7, 64.85), (7, 64.85), (7, 64.85), (7, 64.85), (6, 107.48), (6, 107.48), (6, 107.48), (6, 107.48), (6, 107.48), (7, 64.85), (7, 64.85), (7, 64.85), (7, 64.85), (7, 64.85), (7, 64.85)
(7, 85.38), (1, 510.66), (2, 218.52), (3, 173.95), (4, 633.04), (5, 303.04), (6, 62.63), (7, 85.38), (6, 62.63), (6, 62.63), (6, 62.63), (2, 218.52), (2, 218.52), (6, 62.63), (6, 62.63), (6, 62.63), (6, 62.63), (2, 218.52), (6, 62.63), (6, 62.63), (3, 173.95), (7, 85.38), (7, 85.38), (7, 85.38), (7, 85.38), (7, 85.38), (2, 218.52), (2, 218.52), (2, 218.52), (2, 218.52), (2, 218.52), (2, 218.52), (7, 85.38), (7, 85.38), (3, 173.95), (7, 85.38), (7, 85.38), (3, 173.95), (6, 62.63), (6, 62.63), (6, 62.63), (6, 62.63), (6, 62.63), (6, 62.63), (7, 85.38), (6, 62.63), (7, 85.38), (7, 85.38), (7, 85.38), (7, 85.38)
(3, 91.78), (1, 469.35), (2, 222.87), (3, 91.78), (4, 629.77), (5, 211.4), (6, 131.1), (7, 52.09), (1, 469.35), (7, 52.09), (2, 222.87), (2, 222.87), (2, 222.87), (1, 469.35), (2, 222.87), (6, 131.1), (2, 222.87), (2, 222.87), (7, 52.09), (6, 131.1), (3, 91.78), (7, 52.09), (3, 91.78), (3, 91.78), (7, 52.09), (3, 91.78), (2, 222.87), (2, 222.87), (4, 629.77), (2, 222.87), (2, 222.87), (2, 222.87), (3, 91.78), (3, 91.78), (3, 91.78), (3, 91.78), (3, 91.78), (3, 91.78), (7, 52.09), (6, 131.1), (6, 131.1), (6, 131.1), (6, 131.1), (6, 131.1), (7, 52.09), (7, 52.09), (7, 52.09), (7, 52.09), (7, 52.09), (7, 52.09)
(7, 19.1), (1, 521.86), (2, 275.04), (3, 75.15), (4, 684.05), (5, 211.29), (6, 159.48), (7, 19.1), (7, 19.1), (7, 19.1), (7, 19.1), (7, 19.1), (7, 19.1), (7, 19.1), (7, 19.1), (7, 19.1), (7, 19.1), (7, 19.1), (7, 19.1), (6, 159.48), (3, 75.15), (7, 19.1), (3, 75.15), (7, 19.1), (7, 19.1), (7, 19.1), (2, 275.04), (2, 275.04), (4, 684.05), (2, 275.04), (2, 275.04), (7, 19.1), (3, 75.15), (3, 75.15), (3, 75.15), (3, 75.15), (3, 75.15), (3, 75.15), (7, 19.1), (7, 19.1), (7, 19.1), (6, 159.48), (7, 19.1), (6, 159.48), (7, 19.1), (7, 19.1), (7, 19.1), (7, 19.1), (7, 19.1), (7, 19.1)
(3, 79.93), (1, 437.93), (2, 223.01), (3, 79.93), (4, 615.82), (5, 172.41), (6, 168.32), (7, 93.61), (1, 437.93), (3, 79.93), (2, 223.01), (2, 223.01), (1, 437.93), (1, 437.93), (2, 223.01), (2, 223.01), (2, 223.01), (2, 223.01), (2, 223.01), (6, 168.32), (3, 79.93), (3, 79.93), (3, 79.93), (3, 79.93), (3, 79.93), (3, 79.93), (2, 223.01), (2, 223.01), (4, 615.82), (2, 223.01), (2, 223.01), (2, 223.01), (3, 79.93), (3, 79.93), (3, 79.93), (5, 172.41), (3, 79.93), (5, 172.41), (7, 93.61), (6, 168.32), (6, 168.32), (6, 168.32), (6, 168.32), (6, 168.32), (7, 93.61), (7, 93.61), (7, 93.61), (7, 93.61), (3, 79.93), (7, 93.61)
(3, 125.4), (1, 598.92), (2, 341.32), (3, 125.4), (4, 754.53), (5, 255.38), (6, 200.41), (7, 79.06), (7, 79.06), (7, 79.06), (7, 79.06), (7, 79.06), (7, 79.06), (7, 79.06), (7, 79.06), (6, 200.41), (7, 79.06), (7, 79.06), (7, 79.06), (6, 200.41), (3, 125.4), (7, 79.06), (3, 125.4), (7, 79.06), (7, 79.06), (3, 125.4), (2, 341.32), (7, 79.06), (7, 79.06), (2, 341.32), (7, 79.06), (7, 79.06), (3, 125.4), (3, 125.4), (3, 125.4), (3, 125.4), (3, 125.4), (3, 125.4), (7, 79.06), (7, 79.06), (6, 200.41), (6, 200.41), (6, 200.41), (6, 200.41), (7, 79.06), (7, 79.06), (7, 79.06), (7, 79.06), (7, 79.06), (7, 79.06)
% Distances 
0.0, 1080.99, 921.37, 619.67, 1305.39, 599.22, 806.74, 668.41, 1041.74, 1001.9, 999.15, 1023.67, 1088.83, 1061.77, 922.4, 950.23, 932.22, 916.11, 875.45, 967.8, 620.87, 667.85, 541.96, 618.61, 632.1, 558.01, 1302.05, 1288.18, 1321.47, 1289.22, 1213.63, 1244.53, 677.83, 678.01, 593.93, 659.56, 675.44, 496.52, 755.23, 844.63, 928.98, 930.41, 832.63, 832.12, 702.82, 744.66, 701.01, 653.83, 699.52, 607.93
1080.99, 0.0, 317.84, 505.54, 274.04, 482.42, 476.93, 521.35, 41.4, 85.98, 81.84, 105.34, 50.54, 65.52, 359.09, 378.43, 359.88, 317.04, 277.22, 454.27, 485.49, 470.63, 569.72, 521.46, 514.25, 570.48, 291.32, 262.19, 290.04, 284.42, 189.17, 190.71, 421.73, 404.75, 490.43, 422.0, 416.7, 585.82, 468.15, 393.41, 433.06, 485.56, 439.53, 475.84, 547.0, 510.66, 469.35, 521.86, 437.93, 598.92
921.37, 317.84, 0.0, 302.2, 415.08, 369.92, 169.31, 265.05, 306.47, 306.2, 275.94, 212.64, 284.61, 358.22, 44.05, 76.66, 49.04, 6.08, 88.89, 155.42, 307.61, 253.65, 380.2, 303.12, 290.08, 363.59, 401.36, 397.21, 429.05, 387.55, 336.81, 382.67, 264.77, 304.49, 360.62, 351.65, 277.88, 479.55, 185.15, 90.48, 121.51, 174.2, 129.87, 162.08, 262.57, 218.52, 222.87, 275.04, 223.01, 341.32
619.67, 505.54, 302.2, 0.0, 694.26, 136.74, 221.38, 93.41, 472.7, 443.22, 428.59, 425.85, 499.0, 508.82, 307.42, 339.16, 317.65, 296.81, 259.8, 374.99, 39.7, 48.88, 78.01, 26.4, 34.48, 66.24, 687.49, 676.63, 709.81, 674.26, 605.46, 642.15, 91.27, 147.33, 113.02, 182.41, 106.96, 209.77, 158.81, 231.81, 330.65, 349.53, 232.88, 247.73, 158.09, 173.95, 91.78, 75.15, 79.93, 125.4
1305.39, 274.04, 415.08, 694.26, 0.0, 711.86, 579.35, 676.54, 313.08, 357.21, 341.81, 287.24, 239.84, 331.3, 436.71, 431.0, 430.77, 418.44, 434.53, 477.03, 686.43, 649.6, 768.92, 702.26, 691.18, 760.03, 36.12, 17.89, 16.64, 44.28, 93.6, 86.21, 627.66, 632.85, 713.47, 662.33, 630.24, 822.66, 600.02, 505.4, 482.47, 522.69, 540.56, 565.69, 677.55, 633.04, 629.77, 684.05, 615.82, 754.53
599.22, 482.42, 369.92, 136.74, 711.86, 0.0, 340.08, 228.74, 443.85, 405.67, 400.68, 426.48, 489.77, 468.02, 389.34, 425.99, 399.72, 363.88, 299.67, 478.08, 98.88, 163.49, 132.77, 162.0, 171.13, 157.44, 712.01, 695.14, 728.25, 699.87, 618.86, 646.98, 106.92, 79.25, 24.84, 70.18, 92.05, 112.68, 277.78, 324.56, 432.12, 461.33, 340.92, 364.64, 293.54, 303.04, 211.4, 211.29, 172.41, 255.38
806.74, 476.93, 169.31, 221.38, 579.35, 340.08, 0.0, 142.0, 458.89, 448.76, 422.02, 374.04, 449.0, 508.1, 142.68, 155.6, 149.16, 167.67, 204.28, 161.45, 247.58, 179.4, 290.06, 207.8, 193.34, 262.77, 562.48, 561.63, 592.5, 548.56, 504.81, 551.51, 240.97, 305.42, 321.17, 355.24, 262.29, 430.03, 63.07, 83.6, 122.8, 129.29, 39.46, 26.68, 107.48, 62.63, 131.1, 159.48, 168.32, 200.41
668.41, 521.35, 265.05, 93.41, 676.54, 228.74, 142.0, 0.0, 493.69, 471.18, 451.16, 429.63, 505.81, 536.01, 257.39, 282.52, 266.66, 260.76, 250.96, 302.79, 129.87, 74.2, 150.48, 72.18, 59.48, 121.4, 665.09, 658.66, 691.17, 651.39, 592.9, 634.52, 156.4, 223.33, 205.72, 266.06, 177.73, 300.53, 86.84, 179.66, 261.66, 270.88, 164.3, 168.55, 64.85, 85.38, 52.09, 19.1, 93.61, 79.06
1041.74, 41.4, 306.47, 472.7, 313.08, 443.85, 458.89, 493.69, 0.0, 44.78, 44.27, 101.18, 78.03, 52.43, 349.27, 372.17, 351.24, 304.91, 255.81, 450.15, 450.96, 439.77, 534.79, 489.7, 483.18, 536.95, 328.67, 300.57, 329.27, 321.04, 225.74, 230.9, 387.07, 366.82, 452.66, 382.34, 380.88, 546.04, 445.28, 376.0, 425.23, 478.17, 422.66, 459.95, 522.98, 488.58, 441.6, 493.06, 407.73, 570.29
1001.9, 85.98, 306.2, 443.22, 357.21, 405.67, 448.76, 471.18, 44.78, 0.0, 32.02, 119.87, 119.44, 65.62, 350.02, 376.54, 353.28, 303.8, 244.52, 455.94, 419.1, 413.24, 502.05, 461.66, 456.13, 506.22, 371.87, 344.37, 373.48, 363.83, 268.75, 275.54, 355.35, 329.99, 415.79, 342.38, 347.4, 505.62, 429.3, 367.49, 427.23, 480.16, 414.29, 452.39, 505.02, 473.26, 419.31, 469.04, 382.33, 546.13
999.15, 81.84, 275.94, 428.59, 341.81, 400.68, 422.02, 451.16, 44.27, 32.02, 0.0, 88.96, 101.98, 86.49, 319.6, 345.41, 322.57, 273.75, 217.86, 424.64, 406.69, 396.12, 490.52, 445.79, 439.45, 492.73, 353.9, 328.01, 358.31, 345.05, 250.94, 263.1, 342.8, 323.25, 409.02, 340.22, 336.67, 504.05, 405.32, 339.98, 396.61, 449.59, 386.79, 424.63, 482.2, 448.97, 399.1, 450.07, 364.31, 527.3
1023.67, 105.34, 212.64, 425.85, 287.24, 426.48, 374.04, 429.63, 101.18, 119.87, 88.96, 0.0, 76.53, 153.26, 253.75, 273.72, 254.62, 211.99, 179.75, 350.56, 411.45, 386.26, 495.77, 438.63, 429.78, 491.98, 291.89, 271.22, 303.82, 281.09, 193.66, 220.86, 349.51, 347.25, 429.85, 375.16, 349.01, 536.26, 369.78, 290.45, 327.98, 380.62, 336.03, 371.73, 449.53, 411.12, 378.36, 432.3, 352.53, 508.37
1088.83, 50.54, 284.61, 499.0, 239.84, 489.77, 449.0, 505.81, 78.03, 119.44, 101.98, 76.53, 0.0, 115.52, 323.79, 339.78, 323.48, 284.58, 256.27, 413.4, 482.55, 460.76, 567.07, 512.79, 504.39, 564.88, 252.77, 226.18, 256.33, 244.48, 149.62, 162.05, 419.65, 410.82, 495.33, 433.59, 417.26, 596.87, 446.22, 365.55, 395.3, 447.1, 410.58, 445.53, 526.02, 487.37, 454.37, 508.11, 427.23, 584.42
1061.77, 65.52, 358.22, 508.82, 331.3, 468.02, 508.1, 536.01, 52.43, 65.62, 86.49, 153.26, 115.52, 0.0, 401.24, 424.53, 403.38, 356.5, 304.14, 502.57, 484.42, 478.76, 567.12, 527.27, 521.7, 571.69, 351.46, 320.89, 346.73, 345.52, 251.02, 245.78, 420.74, 393.51, 479.1, 403.12, 412.39, 565.26, 491.75, 425.7, 477.41, 530.37, 472.48, 510.08, 568.39, 535.45, 484.05, 534.21, 447.7, 611.36
922.4, 359.09, 44.05, 307.42, 436.71, 389.34, 142.68, 257.39, 349.27, 350.02, 319.6, 253.75, 323.79, 401.24, 0.0, 38.33, 10.44, 47.38, 127.94, 112.9, 318.28, 258.59, 384.89, 304.53, 290.68, 365.01, 419.93, 419.0, 449.82, 406.0, 363.68, 411.43, 282.6, 329.22, 377.64, 378.0, 298.12, 496.07, 172.35, 77.99, 77.47, 130.21, 104.28, 130.05, 244.39, 198.83, 221.45, 269.9, 231.1, 329.85
950.23, 378.43, 76.66, 339.16, 431.0, 425.99, 155.6, 282.52, 372.17, 376.54, 345.41, 273.72, 339.78, 424.53, 38.33, 0.0, 29.12, 81.41, 164.4, 79.91, 352.28, 290.59, 415.91, 334.41, 320.26, 394.46, 411.45, 413.59, 443.18, 397.54, 363.93, 413.27, 319.1, 367.07, 413.62, 416.03, 335.16, 531.66, 195.9, 107.35, 56.09, 107.34, 121.08, 137.3, 261.9, 216.15, 250.8, 296.44, 264.71, 351.45
932.22, 359.88, 49.04, 317.65, 430.77, 399.72, 149.16, 266.66, 351.24, 353.28, 322.57, 254.62, 323.48, 403.38, 10.44, 29.12, 0.0, 53.25, 135.57, 106.4, 328.69, 268.83, 395.05, 314.54, 300.65, 374.98, 413.36, 413.12, 443.68, 399.43, 359.08, 407.28, 293.0, 339.33, 388.06, 388.01, 308.45, 506.5, 181.22, 87.62, 74.09, 127.09, 111.41, 135.09, 252.18, 206.49, 231.35, 279.41, 241.47, 338.53
916.11, 317.04, 6.08, 296.81, 418.44, 363.88, 167.67, 260.76, 304.91, 303.8, 273.75, 211.99, 284.58, 356.5, 47.38, 81.41, 53.25, 0.0, 83.49, 159.62, 301.9, 248.32, 374.8, 297.99, 285.04, 358.42, 405.12, 400.56, 432.51, 391.34, 339.45, 384.96, 258.79, 298.41, 354.64, 345.58, 271.84, 473.57, 181.6, 87.64, 124.65, 177.1, 128.32, 161.38, 259.48, 215.71, 218.08, 270.5, 217.51, 337.34
875.45, 277.22, 88.89, 259.8, 434.53, 299.67, 204.28, 250.96, 255.81, 244.52, 217.86, 179.75, 256.27, 304.14, 127.94, 164.4, 135.57, 83.49, 0.0, 240.63, 254.59, 215.29, 335.27, 268.08, 257.5, 325.49, 427.91, 416.87, 450.03, 414.77, 346.6, 385.56, 200.88, 227.68, 294.48, 271.71, 209.12, 411.92, 191.0, 123.44, 201.6, 251.64, 170.07, 208.43, 270.27, 233.48, 200.52, 255.03, 181.4, 329.97
967.8, 454.27, 155.42, 374.99, 477.03, 478.08, 161.45, 302.79, 450.15, 455.94, 424.64, 350.56, 413.4, 502.57, 112.9, 79.91, 106.4, 159.62, 240.63, 0.0, 394.99, 328.71, 447.89, 365.03, 350.48, 422.31, 453.13, 460.41, 487.46, 439.54, 420.15, 470.88, 372.03, 426.82, 462.85, 476.92, 390.42, 578.01, 218.52, 154.32, 46.01, 47.54, 142.13, 135.69, 265.71, 223.14, 283.28, 319.58, 308.56, 360.32
620.87, 485.49, 307.61, 39.7, 686.43, 98.88, 247.58, 129.87, 450.96, 419.1, 406.69, 411.45, 482.55, 484.42, 318.28, 352.28, 328.69, 301.9, 254.59, 394.99, 0.0, 68.18, 84.53, 66.07, 73.11, 88.2, 681.69, 668.99, 702.28, 668.73, 596.01, 630.42, 63.89, 110.06, 76.32, 142.87, 74.01, 183.39, 184.53, 246.02, 349.68, 373.19, 253.95, 273.22, 194.65, 205.77, 116.62, 112.61, 87.64, 164.51
667.85, 470.63, 253.65, 48.88, 649.6, 163.49, 179.4, 74.2, 439.77, 413.24, 396.12, 386.26, 460.76, 478.76, 258.59, 290.59, 268.83, 248.32, 215.29, 328.71, 68.18, 0.0, 126.75, 52.84, 43.68, 111.2, 641.84, 631.89, 664.97, 628.5, 561.84, 599.88, 82.2, 149.34, 142.86, 193.35, 103.59, 251.1, 116.35, 183.31, 283.85, 305.47, 186.96, 205.09, 135.47, 139.65, 48.51, 62.65, 34.0, 135.48
541.96, 569.72, 380.2, 78.01, 768.92, 132.77, 290.06, 150.48, 534.79, 502.05, 490.52, 495.77, 567.07, 567.12, 384.89, 415.91, 395.05, 374.8, 335.27, 447.89, 84.53, 126.75, 0.0, 82.86, 97.42, 33.24, 763.16, 751.38, 784.63, 750.05, 679.12, 714.28, 148.0, 181.04, 109.42, 198.18, 154.74, 159.41, 229.53, 308.61, 404.49, 419.34, 306.11, 316.74, 208.69, 235.85, 165.85, 131.75, 157.61, 139.98
618.61, 521.46, 303.12, 26.4, 702.26, 162.0, 207.8, 72.18, 489.7, 461.66, 445.79, 438.63, 512.79, 527.27, 304.53, 334.41, 314.54, 297.99, 268.08, 365.03, 66.07, 52.84, 82.86, 0.0, 14.56, 60.61, 694.2, 684.53, 717.59, 680.81, 614.65, 652.71, 114.34, 173.09, 137.88, 208.81, 131.55, 228.35, 146.74, 227.41, 321.67, 336.94, 223.27, 234.44, 135.67, 156.08, 83.65, 53.15, 86.83, 99.3
632.1, 514.25, 290.08, 34.48, 691.18, 171.13, 193.34, 59.48, 483.18, 456.13, 439.45, 429.78, 504.39, 521.7, 290.68, 320.26, 300.65, 285.04, 257.5, 350.48, 73.11, 43.68, 97.42, 14.56, 0.0, 74.33, 682.65, 673.41, 706.41, 669.21, 604.07, 642.68, 114.16, 176.14, 147.49, 214.34, 132.91, 241.55, 132.19, 213.38, 307.14, 322.44, 208.73, 219.97, 123.86, 142.28, 69.46, 40.85, 77.25, 97.41
558.01, 570.48, 363.59, 66.24, 760.03, 157.44, 262.77, 121.4, 536.95, 506.22, 492.73, 491.98, 564.88, 571.69, 365.01, 394.46, 374.98, 358.42, 325.49, 422.31, 88.2, 111.2, 33.24, 60.61, 74.33, 0.0, 752.79, 742.36, 775.51, 739.49, 671.51, 708.37, 151.08, 194.88, 132.97, 218.63, 162.15, 192.63, 203.9, 287.69, 379.77, 391.97, 281.39, 289.43, 177.07, 206.49, 143.74, 103.32, 144.46, 106.94
1302.05, 291.32, 401.36, 687.49, 36.12, 712.01, 562.48, 665.09, 328.67, 371.87, 353.9, 291.89, 252.77, 351.46, 419.93, 411.45, 413.36, 405.12, 427.91, 453.13, 681.69, 641.84, 763.16, 694.2, 682.65, 752.79, 0.0, 33.84, 37.36, 13.93, 103.16, 111.99, 624.38, 633.45, 712.37, 665.17, 628.22, 823.66, 586.47, 491.05, 461.31, 499.46, 524.18, 547.56, 662.84, 617.84, 619.6, 673.48, 608.33, 742.35
1288.18, 262.19, 397.21, 676.63, 17.89, 695.14, 561.63, 658.66, 300.57, 344.37, 328.01, 271.22, 226.18, 320.89, 419.0, 413.59, 413.12, 400.56, 416.87, 460.41, 668.99, 631.89, 751.38, 684.53, 673.41, 742.36, 33.84, 0.0, 33.3, 36.12, 78.03, 78.64, 610.39, 616.2, 696.54, 646.13, 613.15, 806.12, 582.14, 487.55, 465.28, 505.89, 522.8, 548.08, 659.7, 615.21, 611.92, 666.2, 598.12, 736.64
1321.47, 290.04, 429.05, 709.81, 16.64, 728.25, 592.5, 691.17, 329.27, 373.48, 358.31, 303.82, 256.33, 346.73, 449.82, 443.18, 443.68, 432.51, 450.03, 487.46, 702.28, 664.97, 784.63, 717.59, 706.41, 775.51, 37.36, 33.3, 0.0, 49.25, 110.21, 101.12, 643.69, 649.27, 729.76, 678.89, 646.42, 839.12, 614.12, 519.25, 494.07, 533.44, 553.84, 578.43, 691.36, 646.7, 644.67, 698.88, 631.23, 769.0
1289.22, 284.42, 387.55, 674.26, 44.28, 699.87, 548.56, 651.39, 321.04, 363.83, 345.05, 281.09, 244.48, 345.52, 406.0, 397.54, 399.43, 391.34, 414.77, 439.54, 668.73, 628.5, 750.05, 680.81, 669.21, 739.49, 13.93, 36.12, 49.25, 0.0, 95.35, 110.37, 611.66, 621.42, 700.0, 653.58, 615.71, 811.65, 572.65, 477.19, 447.48, 485.8, 510.26, 533.63, 648.96, 603.94, 606.01, 659.86, 595.03, 728.6
1213.63, 189.17, 336.81, 605.46, 93.6, 618.86, 504.81, 592.9, 225.74, 268.75, 250.94, 193.66, 149.62, 251.02, 363.68, 363.93, 359.08, 339.45, 346.6, 420.15, 596.01, 561.84, 679.12, 614.65, 604.07, 671.51, 103.16, 78.03, 110.21, 95.35, 0.0, 51.2, 536.36, 539.77, 620.94, 568.8, 538.22, 729.4, 519.71, 427.09, 418.27, 463.18, 465.47, 493.73, 598.62, 555.16, 544.71, 599.27, 527.9, 671.55
1244.53, 190.71, 382.67, 642.15, 86.21, 646.98, 551.51, 634.52, 230.9, 275.54, 263.1, 220.86, 162.05, 245.78, 411.43, 413.27, 407.28, 384.96, 385.56, 470.88, 630.42, 599.88, 714.28, 652.71, 642.68, 708.37, 111.99, 78.64, 101.12, 110.37, 51.2, 0.0, 569.38, 567.74, 650.7, 593.49, 569.65, 755.91, 563.69, 472.47, 468.02, 513.56, 512.08, 541.36, 643.12, 600.3, 585.37, 640.0, 565.88, 713.45
677.83, 421.73, 264.77, 91.27, 627.66, 106.92, 240.97, 156.4, 387.07, 355.35, 342.8, 349.51, 419.65, 420.74, 282.6, 319.1, 293.0, 258.79, 200.88, 372.03, 63.89, 82.2, 148.0, 114.34, 114.16, 151.08, 624.38, 610.39, 643.69, 611.66, 536.36, 569.38, 0.0, 68.12, 95.86, 115.49, 22.2, 214.79, 181.25, 218.06, 326.02, 357.38, 237.23, 264.01, 216.38, 213.85, 121.4, 144.06, 74.3, 211.57
678.01, 404.75, 304.49, 147.33, 632.85, 79.25, 305.42, 223.33, 366.82, 329.99, 323.25, 347.25, 410.82, 393.51, 329.22, 367.07, 339.33, 298.41, 227.68, 426.82, 110.06, 149.34, 181.04, 173.09, 176.14, 194.88, 633.45, 616.2, 649.27, 621.42, 539.77, 567.74, 68.12, 0.0, 85.87, 50.45, 46.01, 190.23, 247.49, 272.8, 381.04, 416.52, 297.8, 327.25, 284.29, 281.57, 189.45, 209.8, 141.74, 272.35
593.93, 490.43, 360.62, 113.02, 713.47, 24.84, 321.17, 205.72, 452.66, 415.79, 409.02, 429.85, 495.33, 479.1, 377.64, 413.62, 388.06, 354.64, 294.48, 462.85, 76.32, 142.86, 109.42, 137.88, 147.49, 132.97, 712.37, 696.54, 729.76, 700.0, 620.94, 650.7, 95.86, 85.87, 0.0, 89.68, 85.44, 118.93, 258.44, 310.34, 417.01, 444.29, 324.06, 346.2, 270.56, 281.81, 191.23, 187.95, 155.03, 230.59
659.56, 422.0, 351.65, 182.41, 662.33, 70.18, 355.24, 266.06, 382.34, 342.38, 340.22, 375.16, 433.59, 403.12, 378.0, 416.03, 388.01, 345.58, 271.71, 476.92, 142.87, 193.35, 198.18, 208.81, 214.34, 218.63, 665.17, 646.13, 678.89, 653.58, 568.8, 593.49, 115.49, 50.45, 89.68, 0.0, 93.48, 163.84, 296.51, 323.05, 431.19, 466.96, 348.21, 377.37, 328.8, 329.13, 236.32, 251.03, 189.79, 307.3
675.44, 416.7, 277.88, 106.96, 630.24, 92.05, 262.29, 177.73, 380.88, 347.4, 336.67, 349.01, 417.26, 412.39, 298.12, 335.16, 308.45, 271.84, 209.12, 390.42, 74.01, 103.59, 154.74, 131.55, 132.91, 162.15, 628.22, 613.15, 646.42, 615.71, 538.22, 569.65, 22.2, 46.01, 85.44, 93.48, 0.0, 203.11, 203.06, 236.14, 344.42, 377.13, 257.31, 284.97, 238.3, 236.03, 143.6, 164.76, 96.38, 230.08
496.52, 585.82, 479.55, 209.77, 822.66, 112.68, 430.03, 300.53, 546.04, 505.62, 504.05, 536.26, 596.87, 565.26, 496.07, 531.66, 506.5, 473.57, 411.92, 578.01, 183.39, 251.1, 159.41, 228.35, 241.55, 192.63, 823.66, 806.12, 839.12, 811.65, 729.4, 755.91, 214.79, 190.23, 118.93, 163.84, 203.11, 0.0, 367.01, 427.18, 532.49, 556.52, 437.32, 456.0, 363.15, 383.53, 299.0, 281.48, 269.55, 299.28
755.23, 468.15, 185.15, 158.81, 600.02, 277.78, 63.07, 86.84, 445.28, 429.3, 405.32, 369.78, 446.22, 491.75, 172.35, 195.9, 181.22, 181.6, 191.0, 218.52, 184.53, 116.35, 229.53, 146.74, 132.19, 203.9, 586.47, 582.14, 614.12, 572.65, 519.71, 563.69, 181.25, 247.49, 258.44, 296.51, 203.06, 367.01, 0.0, 95.96, 175.96, 190.78, 77.83, 89.05, 80.06, 44.27, 68.03, 102.0, 107.34, 157.61
844.63, 393.41, 90.48, 231.81, 505.4, 324.56, 83.6, 179.66, 376.0, 367.49, 339.98, 290.45, 365.55, 425.7, 77.99, 107.35, 87.62, 87.64, 123.44, 154.32, 246.02, 183.31, 308.61, 227.41, 213.38, 287.69, 491.05, 487.55, 519.25, 477.19, 427.09, 472.47, 218.06, 272.8, 310.34, 323.05, 236.14, 427.18, 95.96, 0.0, 108.37, 146.33, 46.82, 85.0, 172.15, 128.08, 143.96, 191.92, 158.4, 253.43
928.98, 433.06, 121.51, 330.65, 482.47, 432.12, 122.8, 261.66, 425.23, 427.23, 396.61, 327.98, 395.3, 477.41, 77.47, 56.09, 74.09, 124.65, 201.6, 46.01, 349.68, 283.85, 404.49, 321.67, 307.14, 379.77, 461.31, 465.28, 494.07, 447.48, 418.27, 468.02, 326.02, 381.04, 417.01, 431.19, 344.42, 532.49, 175.96, 108.37, 0.0, 53.0, 98.43, 99.04, 229.73, 185.41, 239.17, 277.78, 262.95, 323.21
930.41, 485.56, 174.2, 349.53, 522.69, 461.33, 129.29, 270.88, 478.17, 480.16, 449.59, 380.62, 447.1, 530.37, 130.21, 107.34, 127.09, 177.1, 251.64, 47.54, 373.19, 305.47, 419.34, 336.94, 322.44, 391.97, 499.46, 505.89, 533.44, 485.8, 463.18, 513.56, 357.38, 416.52, 444.29, 466.96, 377.13, 556.52, 190.78, 146.33, 53.0, 0.0, 120.42, 102.61, 227.66, 187.75, 258.12, 288.65, 289.29, 322.53
832.63, 439.53, 129.87, 232.88, 540.56, 340.92, 39.46, 164.3, 422.66, 414.29, 386.79, 336.03, 410.58, 472.48, 104.28, 121.08, 111.41, 128.32, 170.07, 142.13, 253.95, 186.96, 306.11, 223.27, 208.73, 281.39, 524.18, 522.8, 553.84, 510.26, 465.47, 512.08, 237.23, 297.8, 324.06, 348.21, 257.31, 437.32, 77.83, 46.82, 98.43, 120.42, 0.0, 38.59, 141.24, 95.44, 141.16, 179.82, 169.03, 230.53
832.12, 475.84, 162.08, 247.73, 565.69, 364.64, 26.68, 168.55, 459.95, 452.39, 424.63, 371.73, 445.53, 510.08, 130.05, 137.3, 135.09, 161.38, 208.43, 135.69, 273.22, 205.09, 316.74, 234.44, 219.97, 289.43, 547.56, 548.08, 578.43, 533.63, 493.73, 541.36, 264.01, 327.25, 346.2, 377.37, 284.97, 456.0, 89.05, 85.0, 99.04, 102.61, 38.59, 0.0, 130.87, 87.46, 157.0, 186.12, 192.4, 224.96
702.82, 547.0, 262.57, 158.09, 677.55, 293.54, 107.48, 64.85, 522.98, 505.02, 482.2, 449.53, 526.02, 568.39, 244.39, 261.9, 252.18, 259.48, 270.27, 265.71, 194.65, 135.47, 208.69, 135.67, 123.86, 177.07, 662.84, 659.7, 691.36, 648.96, 598.62, 643.12, 216.38, 284.29, 270.56, 328.8, 238.3, 363.15, 80.06, 172.15, 229.73, 227.66, 141.24, 130.87, 0.0, 45.8, 97.91, 83.01, 146.6, 94.89
744.66, 510.66, 218.52, 173.95, 633.04, 303.04, 62.63, 85.38, 488.58, 473.26, 448.97, 411.12, 487.37, 535.45, 198.83, 216.15, 206.49, 215.71, 233.48, 223.14, 205.77, 139.65, 235.85, 156.08, 142.28, 206.49, 617.84, 615.21, 646.7, 603.94, 555.16, 600.3, 213.85, 281.57, 281.81, 329.13, 236.03, 383.53, 44.27, 128.08, 185.41, 187.75, 95.44, 87.46, 45.8, 0.0, 93.06, 104.17, 139.85, 137.8
701.01, 469.35, 222.87, 91.78, 629.77, 211.4, 131.1, 52.09, 441.6, 419.31, 399.1, 378.36, 454.37, 484.05, 221.45, 250.8, 231.35, 218.08, 200.52, 283.28, 116.62, 48.51, 165.85, 83.65, 69.46, 143.74, 619.6, 611.92, 644.67, 606.01, 544.71, 585.37, 121.4, 189.45, 191.23, 236.32, 143.6, 299.0, 68.03, 143.96, 239.17, 258.12, 141.16, 157.0, 97.91, 93.06, 0.0, 54.63, 48.92, 130.05
653.83, 521.86, 275.04, 75.15, 684.05, 211.29, 159.48, 19.1, 493.06, 469.04, 450.07, 432.3, 508.11, 534.21, 269.9, 296.44, 279.41, 270.5, 255.03, 319.58, 112.61, 62.65, 131.75, 53.15, 40.85, 103.32, 673.48, 666.2, 698.88, 659.86, 599.27, 640.0, 144.06, 209.8, 187.95, 251.03, 164.76, 281.48, 102.0, 191.92, 277.78, 288.65, 179.82, 186.12, 83.01, 104.17, 54.63, 0.0, 87.57, 77.23
699.52, 437.93, 223.01, 79.93, 615.82, 172.41, 168.32, 93.61, 407.73, 382.33, 364.31, 352.53, 427.23, 447.7, 231.1, 264.71, 241.47, 217.51, 181.4, 308.56, 87.64, 34.0, 157.61, 86.83, 77.25, 144.46, 608.33, 598.12, 631.23, 595.03, 527.9, 565.88, 74.3, 141.74, 155.03, 189.79, 96.38, 269.55, 107.34, 158.4, 262.95, 289.29, 169.03, 192.4, 146.6, 139.85, 48.92, 87.57, 0.0, 164.05
607.93, 598.92, 341.32, 125.4, 754.53, 255.38, 200.41, 79.06, 570.29, 546.13, 527.3, 508.37, 584.42, 611.36, 329.85, 351.45, 338.53, 337.34, 329.97, 360.32, 164.51, 135.48, 139.98, 99.3, 97.41, 106.94, 742.35, 736.64, 769.0, 728.6, 671.55, 713.45, 211.57, 272.35, 230.59, 307.3, 230.08, 299.28, 157.61, 253.43, 323.21, 322.53, 230.53, 224.96, 94.89, 137.8, 130.05, 77.23, 164.05, 0.0
% DistancesWithCharging 
0.0, 1080.99, 921.37, 619.67, 1305.39, 599.22, 806.74, 668.41, 1083.14, 1087.8799999999999, 1080.99, 1129.01, 1139.37, 1127.29, 966.4499999999999, 1026.89, 981.26, 922.19, 964.34, 1123.22, 660.57, 716.73, 619.97, 645.01, 666.58, 624.25, 1338.1699999999998, 1306.0700000000002, 1338.1100000000001, 1333.5, 1307.23, 1330.74, 769.1, 757.26, 618.77, 729.74, 767.49, 609.2, 818.3000000000001, 928.23, 1050.49, 1059.7, 872.09, 858.8, 767.6700000000001, 807.29, 753.1, 672.9300000000001, 779.45, 686.99
1080.99, 0.0, 317.84, 505.54, 274.04, 482.42, 476.93, 521.35, 82.8, 171.96, 163.68, 210.68, 101.08, 131.04, 403.14, 455.09000000000003, 408.92, 323.12, 366.11, 609.6899999999999, 525.19, 519.51, 647.73, 547.86, 548.73, 636.72, 327.44, 280.08, 306.68, 328.70000000000005, 282.77, 276.92, 513.0, 484.0, 515.27, 492.18, 508.75, 698.5, 531.22, 477.01, 554.57, 614.85, 478.98999999999995, 502.52, 611.85, 573.2900000000001, 521.44, 540.96, 517.86, 677.98
921.37, 317.84, 0.0, 302.2, 415.08, 369.92, 169.31, 265.05, 347.87, 392.18, 357.78, 317.98, 335.15000000000003, 423.74, 88.1, 153.32, 98.08, 12.16, 177.78, 310.84, 347.31, 302.53000000000003, 458.21, 329.52, 324.56, 429.83, 437.48, 415.09999999999997, 445.69, 431.83000000000004, 430.40999999999997, 468.88, 356.03999999999996, 383.74, 385.46, 421.83, 369.93, 592.23, 248.22, 174.07999999999998, 243.02, 303.49, 169.33, 188.76000000000002, 327.41999999999996, 281.15000000000003, 274.96000000000004, 294.14000000000004, 302.94, 420.38
619.67, 505.54, 302.2, 0.0, 694.26, 136.74, 221.38, 93.41, 514.1, 529.2, 510.42999999999995, 531.19, 549.54, 574.34, 351.47, 415.82000000000005, 366.69, 302.89, 348.69, 530.41, 79.4, 97.76, 156.02, 52.8, 68.96, 132.48, 723.61, 694.52, 726.4499999999999, 718.54, 699.0600000000001, 728.36, 182.54, 226.58, 137.85999999999999, 252.59, 199.01, 322.45000000000005, 221.88, 315.40999999999997, 452.15999999999997, 478.81999999999994, 272.34, 274.40999999999997, 222.94, 236.57999999999998, 143.87, 94.25, 159.86, 204.46
1305.39, 274.04, 415.08, 694.26, 0.0, 711.86, 579.35, 676.54, 354.47999999999996, 443.19, 423.65, 392.58000000000004, 290.38, 396.82, 480.76, 507.65999999999997, 479.81, 424.52, 523.42, 632.4499999999999, 726.13, 698.48, 846.93, 728.66, 725.66, 826.27, 72.24, 35.78, 33.28, 88.56, 187.2, 172.42, 718.93, 712.1, 738.3100000000001, 732.51, 722.29, 935.3399999999999, 663.09, 589.0, 603.98, 651.98, 580.02, 592.37, 742.4, 695.67, 681.86, 703.15, 695.75, 833.5899999999999
599.22, 482.42, 369.92, 136.74, 711.86, 0.0, 340.08, 228.74, 485.25, 491.65000000000003, 482.52, 531.82, 540.31, 533.54, 433.39, 502.65, 448.76000000000005, 369.96, 388.56, 633.5, 138.57999999999998, 212.37, 210.78000000000003, 188.4, 205.60999999999999, 223.68, 748.13, 713.03, 744.89, 744.15, 712.46, 733.19, 198.19, 158.5, 49.68, 140.36, 184.1, 225.36, 340.84999999999997, 408.15999999999997, 553.63, 590.62, 380.38, 391.32, 358.39, 365.67, 263.49, 230.39, 252.34, 334.44
806.74, 476.93, 169.31, 221.38, 579.35, 340.08, 0.0, 142.0, 500.28999999999996, 534.74, 503.86, 479.38, 499.54, 573.62, 186.73000000000002, 232.26, 198.2, 173.75, 293.17, 316.87, 287.28000000000003, 228.28, 368.07, 234.20000000000002, 227.82, 329.01, 598.6, 579.52, 609.14, 592.8399999999999, 598.41, 637.72, 332.24, 384.67, 346.01, 425.42, 354.34000000000003, 542.71, 126.14, 167.2, 244.31, 258.58, 78.92, 53.36, 172.32999999999998, 125.26, 183.19, 178.57999999999998, 248.25, 279.47
668.41, 521.35, 265.05, 93.41, 676.54, 228.74, 142.0, 0.0, 535.09, 557.16, 533.0, 534.97, 556.35, 601.53, 301.44, 359.17999999999995, 315.70000000000005, 266.84, 339.85, 458.21000000000004, 169.57, 123.08000000000001, 228.49, 98.58000000000001, 93.96, 187.64, 701.21, 676.55, 707.81, 695.67, 686.5, 720.73, 247.67000000000002, 302.58000000000004, 230.56, 336.24, 269.78, 413.21, 149.91, 263.26, 383.17, 400.16999999999996, 203.76000000000002, 195.23000000000002, 129.7, 148.01, 104.18, 38.2, 173.54000000000002, 158.12
1041.74, 41.4, 306.47, 472.7, 313.08, 443.85, 458.89, 493.69, 41.4, 130.76, 126.11000000000001, 206.52, 128.57, 117.94999999999999, 393.32, 448.83000000000004, 400.28000000000003, 310.99, 344.7, 605.5699999999999, 490.65999999999997, 488.65, 612.8, 516.1, 517.66, 603.19, 364.79, 318.46, 345.90999999999997, 365.32000000000005, 319.34000000000003, 317.11, 478.34, 446.07, 477.5, 452.52, 472.93, 658.72, 508.34999999999997, 459.6, 546.74, 607.46, 462.12, 486.63, 587.83, 551.21, 493.69000000000005, 512.16, 487.66, 649.3499999999999
1001.9, 85.98, 306.2, 443.22, 357.21, 405.67, 448.76, 471.18, 86.18, 85.98, 113.86000000000001, 225.21, 169.98, 131.14, 394.07, 453.20000000000005, 402.32, 309.88, 333.41, 611.36, 458.8, 462.12, 580.0600000000001, 488.06, 490.61, 572.46, 407.99, 362.26, 390.12, 408.11, 362.35, 361.75, 446.62, 409.24, 440.63, 412.56, 439.45, 618.3, 492.37, 451.09000000000003, 548.74, 609.45, 453.75, 479.07, 569.87, 535.89, 471.4, 488.14000000000004, 462.26, 625.19
999.15, 81.84, 275.94, 428.59, 341.81, 400.68, 422.02, 451.16, 85.67, 118.0, 81.84, 194.3, 152.52, 152.01, 363.65000000000003, 422.07000000000005, 371.61, 279.83, 306.75, 580.06, 446.39, 445.0, 568.53, 472.19, 473.93, 558.97, 390.02, 345.9, 374.95, 389.33000000000004, 344.53999999999996, 349.31, 434.07, 402.5, 433.85999999999996, 410.40000000000003, 428.72, 616.73, 468.39, 423.58000000000004, 518.12, 578.88, 426.25, 451.31, 547.05, 511.6, 451.19000000000005, 469.17, 444.24, 606.3599999999999
1023.67, 105.34, 212.64, 425.85, 287.24, 426.48, 374.04, 429.63, 142.58, 205.85000000000002, 170.8, 105.34, 127.07, 218.77999999999997, 297.8, 350.38, 303.66, 218.07000000000002, 268.64, 505.98, 451.15, 435.14, 573.78, 465.03, 464.26, 558.22, 328.01, 289.11, 320.46, 325.37, 287.26, 307.07, 440.78, 426.5, 454.69, 445.34000000000003, 441.06, 648.94, 432.84999999999997, 374.04999999999995, 449.49, 509.90999999999997, 375.48999999999995, 398.41, 514.38, 473.75, 430.45000000000005, 451.40000000000003, 432.46, 587.4300000000001
1088.83, 50.54, 284.61, 499.0, 239.84, 489.77, 449.0, 505.81, 119.43, 205.42000000000002, 183.82, 181.87, 50.54, 181.04, 367.84000000000003, 416.43999999999994, 372.52000000000004, 290.65999999999997, 345.15999999999997, 568.8199999999999, 522.25, 509.64, 645.08, 539.1899999999999, 538.87, 631.12, 288.89, 244.07, 272.96999999999997, 288.76, 243.22, 248.26, 510.91999999999996, 490.07, 520.17, 503.77, 509.31, 709.55, 509.29, 449.15, 516.8100000000001, 576.39, 450.03999999999996, 472.21, 590.87, 550.0, 506.46000000000004, 527.21, 507.16, 663.48
1061.77, 65.52, 358.22, 508.82, 331.3, 468.02, 508.1, 536.01, 93.83, 151.60000000000002, 168.32999999999998, 258.6, 166.06, 65.52, 445.29, 501.18999999999994, 452.42, 362.58, 393.03, 657.99, 524.12, 527.64, 645.13, 553.67, 556.1800000000001, 637.9300000000001, 387.58, 338.78, 363.37, 389.79999999999995, 344.62, 331.99, 512.01, 472.76, 503.94, 473.3, 504.44, 677.94, 554.82, 509.29999999999995, 598.9200000000001, 659.66, 511.94, 536.76, 633.24, 598.08, 536.14, 553.3100000000001, 527.63, 690.4200000000001
922.4, 359.09, 44.05, 307.42, 436.71, 389.34, 142.68, 257.39, 390.66999999999996, 436.0, 401.44000000000005, 359.09000000000003, 374.33000000000004, 466.76, 44.05, 114.99, 59.48, 53.46, 216.82999999999998, 268.32, 357.97999999999996, 307.46999999999997, 462.9, 330.92999999999995, 325.16, 431.25, 456.05, 436.89, 466.46, 450.28, 457.28, 497.64, 373.87, 408.47, 402.47999999999996, 448.18, 390.17, 608.75, 235.42, 161.58999999999997, 198.98000000000002, 259.5, 143.74, 156.73000000000002, 309.24, 261.46000000000004, 273.53999999999996, 289.0, 311.03, 408.91
950.23, 378.43, 76.66, 339.16, 431.0, 425.99, 155.6, 282.52, 413.57, 462.52000000000004, 427.25, 379.06000000000006, 390.32, 490.04999999999995, 82.38, 76.66, 78.16, 87.49, 253.29000000000002, 235.32999999999998, 391.97999999999996, 339.46999999999997, 493.92, 360.81, 354.74, 460.7, 447.57, 431.47999999999996, 459.82, 441.82000000000005, 457.53, 499.47999999999996, 410.37, 446.32, 438.46, 486.21, 427.21000000000004, 644.3399999999999, 258.97, 190.95, 177.60000000000002, 236.63, 160.54, 163.98000000000002, 326.75, 278.78000000000003, 302.89, 315.54, 344.64, 430.51
932.22, 359.88, 49.04, 317.65, 430.77, 399.72, 149.16, 266.66, 392.64, 439.26, 404.40999999999997, 359.96000000000004, 374.02000000000004, 468.9, 54.489999999999995, 105.78, 49.04, 59.33, 224.45999999999998, 261.82, 368.39, 317.71, 473.06, 340.94, 335.13, 441.22, 449.48, 431.01, 460.32, 443.71000000000004, 452.67999999999995, 493.48999999999995, 384.27, 418.58, 412.9, 458.19, 400.5, 619.1800000000001, 244.29, 171.22, 195.60000000000002, 256.38, 150.87, 161.77, 317.03, 269.12, 283.44, 298.51000000000005, 321.4, 417.59
916.11, 317.04, 6.08, 296.81, 418.44, 363.88, 167.67, 260.76, 346.31, 389.78000000000003, 355.59000000000003, 317.33000000000004, 335.12, 422.02, 91.43, 158.07, 102.28999999999999, 6.08, 172.38, 315.03999999999996, 341.59999999999997, 297.2, 452.81, 324.39, 319.52000000000004, 424.66, 441.24, 418.45, 449.15, 435.62, 433.04999999999995, 471.16999999999996, 350.06, 377.66, 379.47999999999996, 415.76, 363.89, 586.25, 244.67, 171.24, 246.16000000000003, 306.39, 167.78, 188.06, 324.33000000000004, 278.34000000000003, 270.17, 289.6, 297.44, 416.4
875.45, 277.22, 88.89, 259.8, 434.53, 299.67, 204.28, 250.96, 297.21, 330.5, 299.70000000000005, 285.09000000000003, 306.81, 369.65999999999997, 171.99, 241.06, 184.60999999999999, 89.57, 88.89, 396.04999999999995, 294.29, 264.17, 413.28, 294.47999999999996, 291.98, 391.73, 464.03000000000003, 434.76, 466.66999999999996, 459.04999999999995, 440.20000000000005, 471.77, 292.15, 306.93, 319.32, 341.89, 301.17, 524.6, 254.07, 207.04, 323.11, 380.92999999999995, 209.53, 235.11, 335.12, 296.11, 252.61, 274.13, 261.33000000000004, 409.03000000000003
967.8, 454.27, 155.42, 374.99, 477.03, 478.08, 161.45, 302.79, 491.54999999999995, 541.92, 506.48, 455.9, 463.94, 568.09, 156.95, 156.57, 155.44, 165.70000000000002, 329.52, 155.42, 434.69, 377.59, 525.9, 391.42999999999995, 384.96000000000004, 488.55, 489.25, 478.3, 504.09999999999997, 483.82000000000005, 513.75, 557.09, 463.29999999999995, 506.07, 487.69, 547.1, 482.47, 690.69, 281.59000000000003, 237.92, 167.52, 176.82999999999998, 181.59, 162.37, 330.55999999999995, 285.77, 335.37, 338.68, 388.49, 439.38
620.87, 485.49, 307.61, 39.7, 686.43, 98.88, 247.58, 129.87, 492.35999999999996, 505.08000000000004, 488.53, 516.79, 533.09, 549.94, 362.33, 428.93999999999994, 377.73, 307.97999999999996, 343.48, 550.41, 39.7, 117.06, 162.54000000000002, 92.47, 107.59, 154.44, 717.8100000000001, 686.88, 718.92, 713.01, 689.61, 716.63, 155.16, 189.31, 101.16, 213.05, 166.06, 296.07, 247.6, 329.62, 471.19, 502.48, 293.40999999999997, 299.90000000000003, 259.5, 268.40000000000003, 168.71, 131.71, 167.57, 243.57
667.85, 470.63, 253.65, 48.88, 649.6, 163.49, 179.4, 74.2, 481.16999999999996, 499.22, 477.96000000000004, 491.6, 511.3, 544.28, 302.64, 367.25, 317.87, 254.4, 304.18, 484.13, 107.88000000000001, 48.88, 204.76, 79.24000000000001, 78.16, 177.44, 677.96, 649.78, 681.61, 672.78, 655.44, 686.09, 173.47, 228.59, 167.70000000000002, 263.53, 195.64, 363.78, 179.42, 266.90999999999997, 405.36, 434.76, 226.42000000000002, 231.77, 200.32, 202.28, 100.6, 81.75, 113.93, 214.54
541.96, 569.72, 380.2, 78.01, 768.92, 132.77, 290.06, 150.48, 576.1899999999999, 588.03, 572.36, 601.11, 617.61, 632.64, 428.94, 492.57000000000005, 444.09000000000003, 380.88, 424.15999999999997, 603.31, 124.23, 175.63, 78.01, 109.25999999999999, 131.9, 99.47999999999999, 799.28, 769.27, 801.27, 794.3299999999999, 772.72, 800.49, 239.26999999999998, 260.28999999999996, 134.26, 268.36, 246.79000000000002, 272.09000000000003, 292.6, 392.21000000000004, 526.0, 548.63, 345.57, 343.42, 273.53999999999996, 298.48, 217.94, 150.85, 237.54000000000002, 219.04
618.61, 521.46, 303.12, 26.4, 702.26, 162.0, 207.8, 72.18, 531.1, 547.64, 527.63, 543.97, 563.3299999999999, 592.79, 348.58, 411.07000000000005, 363.58000000000004, 304.07, 356.96999999999997, 520.4499999999999, 105.77, 101.72, 160.87, 26.4, 49.04, 126.85, 730.32, 702.42, 734.23, 725.0899999999999, 708.25, 738.9200000000001, 205.61, 252.34, 162.72, 278.99, 223.60000000000002, 341.03, 209.81, 311.01, 443.18, 466.23, 262.73, 261.12, 200.51999999999998, 218.71, 135.74, 72.25, 166.76, 178.36
632.1, 514.25, 290.08, 34.48, 691.18, 171.13, 193.34, 59.48, 524.58, 542.11, 521.29, 535.12, 554.93, 587.22, 334.73, 396.91999999999996, 349.69, 291.12, 346.39, 505.9, 112.81, 92.56, 175.43, 40.96, 34.48, 140.57, 718.77, 691.3, 723.05, 713.49, 697.6700000000001, 728.89, 205.43, 255.39, 172.33, 284.52, 224.95999999999998, 354.23, 195.26, 296.98, 428.65, 451.73, 248.19, 246.65, 188.70999999999998, 204.91, 121.55, 59.95, 157.18, 176.47
558.01, 570.48, 363.59, 66.24, 760.03, 157.44, 262.77, 121.4, 578.35, 592.2, 574.57, 597.32, 615.42, 637.21, 409.06, 471.12, 424.02000000000004, 364.5, 414.38, 577.73, 127.9, 160.08, 111.25, 87.00999999999999, 108.81, 66.24, 788.91, 760.25, 792.15, 783.77, 765.11, 794.58, 242.35000000000002, 274.13, 157.81, 288.81, 254.2, 305.31, 266.97, 371.28999999999996, 501.28, 521.26, 320.84999999999997, 316.11, 241.92, 269.12, 195.83, 122.41999999999999, 224.39000000000001, 186.0
1302.05, 291.32, 401.36, 687.49, 36.12, 712.01, 562.48, 665.09, 370.07, 457.85, 435.74, 397.23, 303.31, 416.97999999999996, 463.98, 488.11, 462.40000000000003, 411.2, 516.8000000000001, 608.55, 721.3900000000001, 690.72, 841.17, 720.6, 717.13, 819.03, 36.12, 51.730000000000004, 54.0, 58.21, 196.76, 198.2, 715.65, 712.7, 737.21, 735.3499999999999, 720.27, 936.3399999999999, 649.5400000000001, 574.65, 582.82, 628.75, 563.64, 574.2399999999999, 727.69, 680.47, 671.69, 692.58, 688.26, 821.4100000000001
1288.18, 262.19, 397.21, 676.63, 17.89, 695.14, 561.63, 658.66, 341.96999999999997, 430.35, 409.85, 376.56000000000006, 276.72, 386.40999999999997, 463.05, 490.25, 462.16, 406.64, 505.76, 615.83, 708.69, 680.77, 829.39, 710.93, 707.89, 808.6, 69.96000000000001, 17.89, 49.94, 80.4, 171.63, 164.85, 701.66, 695.45, 721.38, 716.31, 705.1999999999999, 918.8, 645.21, 571.15, 586.79, 635.18, 562.26, 574.76, 724.5500000000001, 677.84, 664.01, 685.3000000000001, 678.05, 815.7
1321.47, 290.04, 429.05, 709.81, 16.64, 728.25, 592.5, 691.17, 370.66999999999996, 459.46000000000004, 440.15, 409.15999999999997, 306.87, 412.25, 493.87, 519.84, 492.72, 438.59, 538.92, 642.88, 741.98, 713.85, 862.64, 743.99, 740.89, 841.75, 73.47999999999999, 51.19, 16.64, 93.53, 203.81, 187.32999999999998, 734.96, 728.52, 754.6, 749.0699999999999, 738.4699999999999, 951.8, 677.19, 602.85, 615.58, 662.73, 593.3000000000001, 605.1099999999999, 756.21, 709.33, 696.76, 717.98, 711.1600000000001, 848.06
1289.22, 284.42, 387.55, 674.26, 44.28, 699.87, 548.56, 651.39, 362.44, 449.81, 426.89, 386.42999999999995, 295.02, 411.03999999999996, 450.05, 474.20000000000005, 448.47, 397.41999999999996, 503.65999999999997, 594.96, 708.4300000000001, 677.38, 828.06, 707.2099999999999, 703.69, 805.73, 50.05, 54.01, 65.89, 44.28, 188.95, 196.57999999999998, 702.93, 700.67, 724.84, 723.76, 707.76, 924.3299999999999, 635.72, 560.79, 568.99, 615.09, 549.72, 560.31, 713.8100000000001, 666.57, 658.1, 678.96, 674.96, 807.6600000000001
1213.63, 189.17, 336.81, 605.46, 93.6, 618.86, 504.81, 592.9, 267.14, 354.73, 332.78, 299.0, 200.16, 316.54, 407.73, 440.59000000000003, 408.12, 345.53, 435.49, 575.5699999999999, 635.71, 610.72, 757.13, 641.05, 638.5500000000001, 737.75, 139.28, 95.92, 126.85, 139.63, 93.6, 137.41, 627.63, 619.02, 645.7800000000001, 638.98, 630.27, 842.0799999999999, 582.7800000000001, 510.68999999999994, 539.78, 592.47, 504.93, 520.41, 663.47, 617.79, 596.8000000000001, 618.37, 607.8299999999999, 750.6099999999999
1244.53, 190.71, 382.67, 642.15, 86.21, 646.98, 551.51, 634.52, 272.3, 361.52000000000004, 344.94000000000005, 326.20000000000005, 212.59, 311.3, 455.48, 489.92999999999995, 456.32, 391.03999999999996, 474.45, 626.3, 670.12, 648.76, 792.29, 679.11, 677.16, 774.61, 148.10999999999999, 96.53, 117.76, 154.65, 144.8, 86.21, 660.65, 646.99, 675.5400000000001, 663.6700000000001, 661.6999999999999, 868.5899999999999, 626.7600000000001, 556.07, 589.53, 642.8499999999999, 551.5400000000001, 568.04, 707.97, 662.93, 637.46, 659.1, 645.81, 792.51
677.83, 421.73, 264.77, 91.27, 627.66, 106.92, 240.97, 156.4, 428.46999999999997, 441.33000000000004, 424.64, 454.85, 470.19, 486.26, 326.65000000000003, 395.76, 342.04, 264.87, 289.77, 527.4499999999999, 103.59, 131.08, 226.01, 140.74, 148.64, 217.32, 660.5, 628.28, 660.33, 655.9399999999999, 629.96, 655.59, 91.27, 147.37, 120.7, 185.67000000000002, 114.25, 327.47, 244.32, 301.65999999999997, 447.53, 486.66999999999996, 276.69, 290.69, 281.23, 276.48, 173.49, 163.16, 154.23000000000002, 290.63
678.01, 404.75, 304.49, 147.33, 632.85, 79.25, 305.42, 223.33, 408.21999999999997, 415.97, 405.09000000000003, 452.59000000000003, 461.36, 459.03, 373.27000000000004, 443.73, 388.37, 304.49, 316.57, 582.24, 149.76, 198.22, 259.05, 199.49, 210.61999999999998, 261.12, 669.57, 634.09, 665.91, 665.6999999999999, 633.37, 653.95, 159.39, 79.25, 110.71000000000001, 120.63000000000001, 138.06, 302.90999999999997, 310.56, 356.4, 502.55, 545.81, 337.26, 353.93, 349.14, 344.2, 241.54, 228.9, 221.67000000000002, 351.41
593.93, 490.43, 360.62, 113.02, 713.47, 24.84, 321.17, 205.72, 494.06, 501.77000000000004, 490.86, 535.19, 545.87, 544.62, 421.69, 490.28, 437.1, 360.71999999999997, 383.37, 618.27, 116.02, 191.74, 187.43, 164.28, 181.97, 199.20999999999998, 748.49, 714.43, 746.4, 744.28, 714.5400000000001, 736.9100000000001, 187.13, 165.12, 24.84, 159.86, 177.49, 231.61, 321.51, 393.93999999999994, 538.52, 573.58, 363.52, 372.88, 335.40999999999997, 344.44, 243.32, 207.04999999999998, 234.96, 309.65
659.56, 422.0, 351.65, 182.41, 662.33, 70.18, 355.24, 266.06, 423.73999999999995, 428.36, 422.06000000000006, 480.5, 484.13, 468.64, 422.05, 492.68999999999994, 437.05, 351.65999999999997, 360.59999999999997, 632.34, 182.57, 242.23, 276.19, 235.21, 248.82, 284.87, 701.29, 664.02, 695.53, 697.86, 662.4, 679.7, 206.76, 129.7, 114.52000000000001, 70.18, 185.53, 276.52, 359.58, 406.65, 552.7, 596.25, 387.66999999999996, 404.05, 393.65, 391.76, 288.40999999999997, 270.13, 269.72, 386.36
675.44, 416.7, 277.88, 106.96, 630.24, 92.05, 262.29, 177.73, 422.28, 433.38, 418.51, 454.35, 467.8, 477.90999999999997, 342.17, 411.82000000000005, 357.49, 277.91999999999996, 298.01, 545.84, 113.71000000000001, 152.47, 232.75, 157.95000000000002, 167.39, 228.39, 664.34, 631.04, 663.06, 659.99, 631.82, 655.86, 113.47, 125.25999999999999, 110.28, 163.66000000000003, 92.05, 315.79, 266.13, 319.74, 465.93, 506.41999999999996, 296.77, 311.65000000000003, 303.15, 298.66, 195.69, 183.85999999999999, 176.31, 309.14
496.52, 585.82, 479.55, 209.77, 822.66, 112.68, 430.03, 300.53, 587.4399999999999, 591.6, 585.89, 641.6, 647.41, 630.78, 540.12, 608.3199999999999, 555.54, 479.65, 500.81, 733.43, 223.08999999999997, 299.98, 237.42000000000002, 254.75, 276.03000000000003, 258.87, 859.78, 824.01, 855.76, 855.93, 823.0, 842.12, 306.06, 269.48, 143.77, 234.02, 295.16, 112.68, 430.08, 510.78, 654.0, 685.81, 476.78, 482.68, 428.0, 446.15999999999997, 351.09000000000003, 300.58000000000004, 349.48, 378.34
755.23, 468.15, 185.15, 158.81, 600.02, 277.78, 63.07, 86.84, 486.67999999999995, 515.28, 487.15999999999997, 475.12, 496.76000000000005, 557.27, 216.39999999999998, 272.56, 230.26, 187.68, 279.89, 373.94, 224.23000000000002, 165.23, 307.54, 173.14000000000001, 166.67, 270.14, 622.59, 600.03, 630.76, 616.93, 613.3100000000001, 649.9000000000001, 272.52, 326.74, 283.28, 366.69, 295.11, 479.69, 63.07, 179.56, 297.47, 320.07, 117.28999999999999, 115.72999999999999, 144.91, 106.9, 120.12, 121.1, 187.27, 236.67000000000002
844.63, 393.41, 90.48, 231.81, 505.4, 324.56, 83.6, 179.66, 417.4, 453.47, 421.82000000000005, 395.78999999999996, 416.09000000000003, 491.21999999999997, 122.03999999999999, 184.01, 136.66, 93.72, 212.32999999999998, 309.74, 285.72, 232.19, 386.62, 253.81, 247.85999999999999, 353.93, 527.17, 505.44, 535.89, 521.47, 520.6899999999999, 558.6800000000001, 309.33, 352.05, 335.17999999999995, 393.23, 328.19, 539.86, 159.03, 83.6, 229.88, 275.62, 86.28, 111.68, 237.0, 190.71, 196.05, 211.01999999999998, 238.33, 332.49
928.98, 433.06, 121.51, 330.65, 482.47, 432.12, 122.8, 261.66, 466.63, 513.21, 478.45000000000005, 433.32000000000005, 445.84000000000003, 542.9300000000001, 121.52, 132.75, 123.13, 130.73000000000002, 290.49, 201.42999999999998, 389.38, 332.73, 482.5, 348.07, 341.62, 446.01, 497.43, 483.16999999999996, 510.71, 491.76, 511.87, 554.23, 417.28999999999996, 460.29, 441.84999999999997, 501.37, 436.47, 645.1700000000001, 239.03, 191.97, 121.51, 182.29, 137.89000000000001, 125.72, 294.58, 248.04, 291.26, 296.88, 342.88, 402.27
930.41, 485.56, 174.2, 349.53, 522.69, 461.33, 129.29, 270.88, 519.57, 566.14, 531.43, 485.96000000000004, 497.64000000000004, 595.89, 174.26, 184.0, 176.13, 183.18, 340.53, 202.95999999999998, 412.89, 354.35, 497.34999999999997, 363.34, 356.92, 458.21000000000004, 535.5799999999999, 523.78, 550.08, 530.08, 556.78, 599.77, 448.65, 495.77, 469.13, 537.14, 469.18, 669.2, 253.85, 229.93, 174.51, 129.29, 159.88, 129.29, 292.51, 250.38, 310.21000000000004, 307.75, 369.22, 401.59
832.63, 439.53, 129.87, 232.88, 540.56, 340.92, 39.46, 164.3, 464.06, 500.27000000000004, 468.63, 441.37, 461.12, 538.0, 148.32999999999998, 197.74, 160.45, 134.4, 258.96, 297.54999999999995, 293.65, 235.84, 384.12, 249.67000000000002, 243.20999999999998, 347.63, 560.3, 540.6899999999999, 570.48, 554.54, 559.07, 598.2900000000001, 328.5, 377.05, 348.9, 418.39, 349.36, 550.0, 140.9, 130.42, 219.94, 249.70999999999998, 39.46, 65.27000000000001, 206.09, 158.07, 193.25, 198.92, 248.96, 309.59000000000003
832.12, 475.84, 162.08, 247.73, 565.69, 364.64, 26.68, 168.55, 501.34999999999997, 538.37, 506.47, 477.07000000000005, 496.07, 575.6, 174.10000000000002, 213.96, 184.13, 167.46, 297.32, 291.11, 312.92, 253.97, 394.75, 260.84, 254.45, 355.67, 583.68, 565.97, 595.0699999999999, 577.91, 587.33, 627.57, 355.28, 406.5, 371.03999999999996, 447.55, 377.02000000000004, 568.6800000000001, 152.12, 168.6, 220.55, 231.89999999999998, 78.05000000000001, 26.68, 195.72, 150.09, 209.09, 205.22, 272.33000000000004, 304.02
702.82, 547.0, 262.57, 158.09, 677.55, 293.54, 107.48, 64.85, 564.38, 591.0, 564.04, 554.87, 576.56, 633.91, 288.44, 338.55999999999995, 301.22, 265.56, 359.15999999999997, 421.13, 234.35000000000002, 184.35, 286.7, 162.07, 158.34, 243.31, 698.96, 677.59, 708.0, 693.24, 692.22, 729.33, 307.65, 363.54, 295.4, 398.98, 330.35, 475.83, 143.13, 255.75, 351.24, 356.95, 180.70000000000002, 157.55, 64.85, 108.43, 150.0, 102.11000000000001, 226.53, 173.95
744.66, 510.66, 218.52, 173.95, 633.04, 303.04, 62.63, 85.38, 529.98, 559.24, 530.8100000000001, 516.46, 537.91, 600.97, 242.88, 292.81, 255.53, 221.79000000000002, 322.37, 378.55999999999995, 245.47000000000003, 188.53, 313.86, 182.48000000000002, 176.76, 272.73, 653.96, 633.1, 663.34, 648.22, 648.76, 686.51, 305.12, 360.82, 306.65, 399.31, 328.08, 496.21, 107.34, 211.68, 306.92, 317.03999999999996, 134.9, 114.13999999999999, 110.64999999999999, 62.63, 145.15, 123.27000000000001, 219.78, 216.86
701.01, 469.35, 222.87, 91.78, 629.77, 211.4, 131.1, 52.09, 483.0, 505.29, 480.94000000000005, 483.70000000000005, 504.91, 549.57, 265.5, 327.46000000000004, 280.39, 224.16000000000003, 289.41, 438.69999999999993, 156.32, 97.39, 243.86, 110.05000000000001, 103.94, 209.98000000000002, 655.72, 629.81, 661.31, 650.29, 638.3100000000001, 671.58, 212.67000000000002, 268.7, 216.07, 306.5, 235.64999999999998, 411.68, 131.1, 227.56, 360.68, 387.40999999999997, 180.62, 183.68, 162.76, 155.69, 52.09, 73.73, 128.85000000000002, 209.11
653.83, 521.86, 275.04, 75.15, 684.05, 211.29, 159.48, 19.1, 534.46, 555.02, 531.91, 537.64, 558.65, 599.73, 313.95, 373.1, 328.45000000000005, 276.58, 343.92, 475.0, 152.31, 111.53, 209.76, 79.55, 75.33, 169.56, 709.6, 684.09, 715.52, 704.14, 692.87, 726.21, 235.32999999999998, 289.05, 212.79, 321.21000000000004, 256.81, 394.16, 165.07, 275.52, 399.28999999999996, 417.93999999999994, 219.28, 212.8, 147.86, 166.8, 106.72, 19.1, 167.5, 156.29000000000002
699.52, 437.93, 223.01, 79.93, 615.82, 172.41, 168.32, 93.61, 449.13, 468.31, 446.15, 457.87, 477.77000000000004, 513.22, 275.15, 341.37, 290.51, 223.59, 270.29, 463.98, 127.34, 82.88, 235.62, 113.22999999999999, 111.72999999999999, 210.7, 644.45, 616.01, 647.87, 639.31, 621.5, 652.09, 165.57, 220.99, 179.87, 259.97, 188.43, 382.23, 170.41, 242.0, 384.46, 418.58000000000004, 208.49, 219.08, 211.45, 202.48, 101.01, 106.66999999999999, 79.93, 243.11
607.93, 598.92, 341.32, 125.4, 754.53, 255.38, 200.41, 79.06, 611.6899999999999, 632.11, 609.14, 613.71, 634.9599999999999, 676.88, 373.90000000000003, 428.11, 387.57, 343.41999999999996, 418.86, 515.74, 204.20999999999998, 184.35999999999999, 217.99, 125.69999999999999, 131.89, 173.18, 778.47, 754.53, 785.64, 772.88, 765.15, 799.6600000000001, 302.84, 351.6, 255.43, 377.48, 322.13, 411.96, 220.68, 337.03, 444.71999999999997, 451.81999999999994, 269.99, 251.64000000000001, 159.74, 200.43, 182.14000000000001, 96.33000000000001, 243.98000000000002, 79.06
