% number of locations
50
% for each location: node, x, y
0, 0, 0
1, 710, 936
2, 828, 490
3, 657, 851
4, 879, 386
5, 677, 616
6, 240, 240
7, 738, 707
8, 797, 958
9, 656, 963
10, 768, 993
11, 782, 976
12, 648, 909
13, 724, 920
14, 775, 445
15, 838, 543
16, 811, 487
17, 904, 552
18, 716, 477
19, 820, 512
20, 678, 906
21, 693, 864
22, 657, 899
23, 614, 780
24, 765, 892
25, 619, 759
26, 850, 390
27, 821, 383
28, 852, 311
29, 933, 431
30, 988, 408
31, 944, 411
32, 687, 624
33, 698, 640
34, 742, 627
35, 584, 681
36, 753, 645
37, 658, 566
38, 229, 182
39, 197, 282
40, 180, 191
41, 207, 406
42, 290, 245
43, 267, 257
44, 737, 696
45, 767, 759
46, 781, 614
47, 711, 688
48, 871, 706
49, 715, 666
% number of vessels
10
% number of vessel types
3
% for each vesseltype: vessel_id, battery range, operational cost, speed, passenger capacity, fixed cost
1, 2000, 1, 20, 10, 5000 
2, 3000, 2, 22, 15, 10000 
3, 4500, 3.5, 25, 25, 17000 
% number of charging stations
7
% for each charging station: node, x, y
1, 710, 936
2, 828, 490
3, 657, 851
4, 879, 386
5, 677, 616
6, 240, 240
7, 738, 707
% number of jobs
42
% for each job: node, crew needed
8, 5
9, 1
10, 2
11, 7
12, 5
13, 4
14, 4
15, 6
16, 5
17, 3
18, 2
19, 6
20, 8
21, 5
22, 8
23, 3
24, 6
25, 2
26, 5
27, 7
28, 2
29, 5
30, 6
31, 4
32, 5
33, 1
34, 7
35, 4
36, 3
37, 6
38, 5
39, 6
40, 4
41, 6
42, 4
43, 3
44, 3
45, 2
46, 3
47, 4
48, 3
49, 7
% number of nodes
84
% for each node: node, binary
8, 0
8, 1
9, 0
9, 1
10, 0
10, 1
11, 0
11, 1
12, 0
12, 1
13, 0
13, 1
14, 0
14, 1
15, 0
15, 1
16, 0
16, 1
17, 0
17, 1
18, 0
18, 1
19, 0
19, 1
20, 0
20, 1
21, 0
21, 1
22, 0
22, 1
23, 0
23, 1
24, 0
24, 1
25, 0
25, 1
26, 0
26, 1
27, 0
27, 1
28, 0
28, 1
29, 0
29, 1
30, 0
30, 1
31, 0
31, 1
32, 0
32, 1
33, 0
33, 1
34, 0
34, 1
35, 0
35, 1
36, 0
36, 1
37, 0
37, 1
38, 0
38, 1
39, 0
39, 1
40, 0
40, 1
41, 0
41, 1
42, 0
42, 1
43, 0
43, 1
44, 0
44, 1
45, 0
45, 1
46, 0
46, 1
47, 0
47, 1
48, 0
48, 1
49, 0
49, 1
% costs
% fixed penalty
2000
% penalty per crew
750
% preprocessing
% PreferredCS 
(0, 0), (0, 0), (0, 0), (0, 0), (0, 0), (0, 0), (0, 0), (0, 0), (0, 0), (0, 0), (0, 0), (0, 0), (0, 0), (0, 0), (0, 0), (0, 0), (0, 0), (0, 0), (0, 0), (0, 0), (0, 0), (0, 0), (0, 0), (0, 0), (0, 0), (0, 0), (0, 0), (0, 0), (0, 0), (0, 0), (0, 0), (0, 0), (0, 0), (0, 0), (0, 0), (0, 0), (0, 0), (0, 0), (0, 0), (0, 0), (0, 0), (0, 0), (0, 0), (0, 0), (0, 0), (0, 0), (0, 0), (0, 0), (0, 0), (0, 0)
(1, 0), (1, 0), (1, 0), (1, 0), (1, 0), (1, 0), (1, 0), (1, 0), (1, 0), (1, 0), (1, 0), (1, 0), (1, 0), (1, 0), (1, 0), (1, 0), (1, 0), (1, 0), (1, 0), (1, 0), (1, 0), (1, 0), (1, 0), (1, 0), (1, 0), (1, 0), (1, 0), (1, 0), (1, 0), (1, 0), (1, 0), (1, 0), (1, 0), (1, 0), (1, 0), (1, 0), (1, 0), (1, 0), (1, 0), (1, 0), (1, 0), (1, 0), (1, 0), (1, 0), (1, 0), (1, 0), (1, 0), (1, 0), (1, 0), (1, 0)
(2, 0), (2, 0), (2, 0), (2, 0), (2, 0), (2, 0), (2, 0), (2, 0), (2, 0), (2, 0), (2, 0), (2, 0), (2, 0), (2, 0), (2, 0), (2, 0), (2, 0), (2, 0), (2, 0), (2, 0), (2, 0), (2, 0), (2, 0), (2, 0), (2, 0), (2, 0), (2, 0), (2, 0), (2, 0), (2, 0), (2, 0), (2, 0), (2, 0), (2, 0), (2, 0), (2, 0), (2, 0), (2, 0), (2, 0), (2, 0), (2, 0), (2, 0), (2, 0), (2, 0), (2, 0), (2, 0), (2, 0), (2, 0), (2, 0), (2, 0)
(3, 0), (3, 0), (3, 0), (3, 0), (3, 0), (3, 0), (3, 0), (3, 0), (3, 0), (3, 0), (3, 0), (3, 0), (3, 0), (3, 0), (3, 0), (3, 0), (3, 0), (3, 0), (3, 0), (3, 0), (3, 0), (3, 0), (3, 0), (3, 0), (3, 0), (3, 0), (3, 0), (3, 0), (3, 0), (3, 0), (3, 0), (3, 0), (3, 0), (3, 0), (3, 0), (3, 0), (3, 0), (3, 0), (3, 0), (3, 0), (3, 0), (3, 0), (3, 0), (3, 0), (3, 0), (3, 0), (3, 0), (3, 0), (3, 0), (3, 0)
(4, 0), (4, 0), (4, 0), (4, 0), (4, 0), (4, 0), (4, 0), (4, 0), (4, 0), (4, 0), (4, 0), (4, 0), (4, 0), (4, 0), (4, 0), (4, 0), (4, 0), (4, 0), (4, 0), (4, 0), (4, 0), (4, 0), (4, 0), (4, 0), (4, 0), (4, 0), (4, 0), (4, 0), (4, 0), (4, 0), (4, 0), (4, 0), (4, 0), (4, 0), (4, 0), (4, 0), (4, 0), (4, 0), (4, 0), (4, 0), (4, 0), (4, 0), (4, 0), (4, 0), (4, 0), (4, 0), (4, 0), (4, 0), (4, 0), (4, 0)
(5, 0), (5, 0), (5, 0), (5, 0), (5, 0), (5, 0), (5, 0), (5, 0), (5, 0), (5, 0), (5, 0), (5, 0), (5, 0), (5, 0), (5, 0), (5, 0), (5, 0), (5, 0), (5, 0), (5, 0), (5, 0), (5, 0), (5, 0), (5, 0), (5, 0), (5, 0), (5, 0), (5, 0), (5, 0), (5, 0), (5, 0), (5, 0), (5, 0), (5, 0), (5, 0), (5, 0), (5, 0), (5, 0), (5, 0), (5, 0), (5, 0), (5, 0), (5, 0), (5, 0), (5, 0), (5, 0), (5, 0), (5, 0), (5, 0), (5, 0)
(6, 0), (6, 0), (6, 0), (6, 0), (6, 0), (6, 0), (6, 0), (6, 0), (6, 0), (6, 0), (6, 0), (6, 0), (6, 0), (6, 0), (6, 0), (6, 0), (6, 0), (6, 0), (6, 0), (6, 0), (6, 0), (6, 0), (6, 0), (6, 0), (6, 0), (6, 0), (6, 0), (6, 0), (6, 0), (6, 0), (6, 0), (6, 0), (6, 0), (6, 0), (6, 0), (6, 0), (6, 0), (6, 0), (6, 0), (6, 0), (6, 0), (6, 0), (6, 0), (6, 0), (6, 0), (6, 0), (6, 0), (6, 0), (6, 0), (6, 0)
(7, 0), (7, 0), (7, 0), (7, 0), (7, 0), (7, 0), (7, 0), (7, 0), (7, 0), (7, 0), (7, 0), (7, 0), (7, 0), (7, 0), (7, 0), (7, 0), (7, 0), (7, 0), (7, 0), (7, 0), (7, 0), (7, 0), (7, 0), (7, 0), (7, 0), (7, 0), (7, 0), (7, 0), (7, 0), (7, 0), (7, 0), (7, 0), (7, 0), (7, 0), (7, 0), (7, 0), (7, 0), (7, 0), (7, 0), (7, 0), (7, 0), (7, 0), (7, 0), (7, 0), (7, 0), (7, 0), (7, 0), (7, 0), (7, 0), (7, 0)
(6, 908.72), (1, 89.74), (2, 469.03), (3, 176.21), (4, 577.85), (5, 362.44), (6, 908.72), (7, 257.84), (1, 89.74), (1, 89.74), (1, 89.74), (1, 89.74), (1, 89.74), (1, 89.74), (7, 257.84), (7, 257.84), (2, 469.03), (7, 257.84), (7, 257.84), (7, 257.84), (1, 89.74), (1, 89.74), (1, 89.74), (3, 176.21), (1, 89.74), (3, 176.21), (2, 469.03), (2, 469.03), (2, 469.03), (2, 469.03), (7, 257.84), (2, 469.03), (7, 257.84), (7, 257.84), (7, 257.84), (3, 176.21), (7, 257.84), (5, 362.44), (6, 908.72), (3, 176.21), (6, 908.72), (3, 176.21), (3, 176.21), (3, 176.21), (7, 257.84), (1, 89.74), (7, 257.84), (7, 257.84), (1, 89.74), (7, 257.84)
(6, 834.14), (1, 60.37), (2, 503.3), (3, 112.0), (4, 618.59), (5, 347.63), (6, 834.14), (7, 268.81), (1, 60.37), (1, 60.37), (1, 60.37), (1, 60.37), (1, 60.37), (1, 60.37), (7, 268.81), (7, 268.81), (7, 268.81), (1, 60.37), (3, 112.0), (7, 268.81), (1, 60.37), (1, 60.37), (1, 60.37), (3, 112.0), (1, 60.37), (3, 112.0), (7, 268.81), (7, 268.81), (7, 268.81), (7, 268.81), (1, 60.37), (7, 268.81), (3, 112.0), (3, 112.0), (7, 268.81), (3, 112.0), (7, 268.81), (3, 112.0), (6, 834.14), (3, 112.0), (6, 834.14), (3, 112.0), (3, 112.0), (3, 112.0), (7, 268.81), (1, 60.37), (7, 268.81), (3, 112.0), (1, 60.37), (3, 112.0)
(3, 180.24), (1, 81.32), (2, 506.57), (3, 180.24), (4, 617.07), (5, 387.83), (6, 919.67), (7, 287.57), (1, 81.32), (1, 81.32), (1, 81.32), (1, 81.32), (1, 81.32), (1, 81.32), (7, 287.57), (7, 287.57), (7, 287.57), (1, 81.32), (7, 287.57), (7, 287.57), (1, 81.32), (1, 81.32), (1, 81.32), (3, 180.24), (1, 81.32), (3, 180.24), (2, 506.57), (2, 506.57), (2, 506.57), (7, 287.57), (7, 287.57), (2, 506.57), (7, 287.57), (7, 287.57), (7, 287.57), (3, 180.24), (7, 287.57), (5, 387.83), (3, 180.24), (3, 180.24), (3, 180.24), (1, 81.32), (3, 180.24), (3, 180.24), (7, 287.57), (1, 81.32), (7, 287.57), (7, 287.57), (1, 81.32), (7, 287.57)
(3, 176.78), (1, 82.37), (2, 488.17), (3, 176.78), (4, 597.92), (5, 375.0), (6, 914.04), (7, 272.57), (1, 82.37), (1, 82.37), (1, 82.37), (1, 82.37), (1, 82.37), (1, 82.37), (7, 272.57), (7, 272.57), (7, 272.57), (7, 272.57), (7, 272.57), (7, 272.57), (1, 82.37), (1, 82.37), (1, 82.37), (3, 176.78), (1, 82.37), (3, 176.78), (2, 488.17), (2, 488.17), (2, 488.17), (2, 488.17), (7, 272.57), (2, 488.17), (7, 272.57), (7, 272.57), (7, 272.57), (3, 176.78), (7, 272.57), (5, 375.0), (3, 176.78), (3, 176.78), (3, 176.78), (3, 176.78), (3, 176.78), (3, 176.78), (7, 272.57), (1, 82.37), (7, 272.57), (7, 272.57), (1, 82.37), (7, 272.57)
(6, 783.6), (1, 67.62), (2, 456.03), (3, 58.69), (4, 571.74), (5, 294.43), (6, 783.6), (7, 221.14), (1, 67.62), (1, 67.62), (1, 67.62), (1, 67.62), (3, 58.69), (1, 67.62), (3, 58.69), (7, 221.14), (7, 221.14), (3, 58.69), (3, 58.69), (7, 221.14), (1, 67.62), (3, 58.69), (3, 58.69), (3, 58.69), (1, 67.62), (3, 58.69), (7, 221.14), (3, 58.69), (3, 58.69), (7, 221.14), (7, 221.14), (7, 221.14), (3, 58.69), (3, 58.69), (3, 58.69), (3, 58.69), (7, 221.14), (3, 58.69), (6, 783.6), (3, 58.69), (6, 783.6), (3, 58.69), (3, 58.69), (3, 58.69), (7, 221.14), (3, 58.69), (7, 221.14), (3, 58.69), (3, 58.69), (3, 58.69)
(3, 96.18), (1, 21.26), (2, 442.4), (3, 96.18), (4, 556.04), (5, 307.61), (6, 834.66), (7, 213.46), (1, 21.26), (1, 21.26), (1, 21.26), (1, 21.26), (1, 21.26), (1, 21.26), (7, 213.46), (7, 213.46), (7, 213.46), (7, 213.46), (7, 213.46), (7, 213.46), (1, 21.26), (1, 21.26), (1, 21.26), (3, 96.18), (1, 21.26), (3, 96.18), (2, 442.4), (7, 213.46), (2, 442.4), (7, 213.46), (7, 213.46), (7, 213.46), (7, 213.46), (7, 213.46), (7, 213.46), (3, 96.18), (7, 213.46), (5, 307.61), (3, 96.18), (3, 96.18), (3, 96.18), (3, 96.18), (3, 96.18), (3, 96.18), (7, 213.46), (1, 21.26), (7, 213.46), (7, 213.46), (1, 21.26), (7, 213.46)
(6, 572.93), (1, 495.28), (2, 69.53), (3, 422.8), (4, 119.57), (5, 197.09), (6, 572.93), (7, 264.6), (7, 264.6), (7, 264.6), (7, 264.6), (7, 264.6), (3, 422.8), (7, 264.6), (2, 69.53), (2, 69.53), (2, 69.53), (2, 69.53), (2, 69.53), (2, 69.53), (7, 264.6), (7, 264.6), (3, 422.8), (5, 197.09), (7, 264.6), (5, 197.09), (4, 119.57), (2, 69.53), (4, 119.57), (4, 119.57), (4, 119.57), (4, 119.57), (5, 197.09), (5, 197.09), (2, 69.53), (5, 197.09), (2, 69.53), (5, 197.09), (6, 572.93), (6, 572.93), (6, 572.93), (2, 69.53), (6, 572.93), (6, 572.93), (7, 264.6), (7, 264.6), (2, 69.53), (5, 197.09), (2, 69.53), (5, 197.09)
(6, 670.38), (1, 413.32), (2, 53.94), (3, 357.25), (4, 162.27), (5, 176.78), (6, 670.38), (7, 192.08), (7, 192.08), (7, 192.08), (7, 192.08), (7, 192.08), (7, 192.08), (7, 192.08), (2, 53.94), (2, 53.94), (2, 53.94), (2, 53.94), (2, 53.94), (2, 53.94), (7, 192.08), (7, 192.08), (7, 192.08), (7, 192.08), (7, 192.08), (7, 192.08), (2, 53.94), (2, 53.94), (2, 53.94), (2, 53.94), (2, 53.94), (2, 53.94), (5, 176.78), (5, 176.78), (2, 53.94), (5, 176.78), (2, 53.94), (5, 176.78), (2, 53.94), (2, 53.94), (6, 670.38), (2, 53.94), (2, 53.94), (2, 53.94), (7, 192.08), (7, 192.08), (2, 53.94), (7, 192.08), (2, 53.94), (7, 192.08)
(6, 622.13), (1, 460.22), (2, 17.26), (3, 395.24), (4, 121.76), (5, 186.0), (6, 622.13), (7, 231.8), (2, 17.26), (7, 231.8), (7, 231.8), (7, 231.8), (7, 231.8), (7, 231.8), (2, 17.26), (2, 17.26), (2, 17.26), (2, 17.26), (2, 17.26), (2, 17.26), (7, 231.8), (7, 231.8), (7, 231.8), (5, 186.0), (7, 231.8), (5, 186.0), (2, 17.26), (2, 17.26), (2, 17.26), (2, 17.26), (2, 17.26), (2, 17.26), (5, 186.0), (2, 17.26), (2, 17.26), (5, 186.0), (2, 17.26), (2, 17.26), (6, 622.13), (2, 17.26), (6, 622.13), (2, 17.26), (2, 17.26), (2, 17.26), (2, 17.26), (7, 231.8), (2, 17.26), (2, 17.26), (2, 17.26), (2, 17.26)
(2, 98.08), (1, 430.22), (2, 98.08), (3, 387.83), (4, 167.87), (5, 235.85), (6, 733.65), (7, 227.11), (7, 227.11), (1, 430.22), (1, 430.22), (7, 227.11), (3, 387.83), (7, 227.11), (2, 98.08), (2, 98.08), (2, 98.08), (2, 98.08), (2, 98.08), (2, 98.08), (7, 227.11), (7, 227.11), (7, 227.11), (7, 227.11), (7, 227.11), (7, 227.11), (4, 167.87), (2, 98.08), (4, 167.87), (2, 98.08), (2, 98.08), (4, 167.87), (5, 235.85), (5, 235.85), (2, 98.08), (5, 235.85), (2, 98.08), (2, 98.08), (2, 98.08), (2, 98.08), (6, 733.65), (2, 98.08), (2, 98.08), (2, 98.08), (7, 227.11), (7, 227.11), (2, 98.08), (7, 227.11), (2, 98.08), (7, 227.11)
(6, 531.74), (1, 459.04), (2, 112.75), (3, 378.63), (4, 186.68), (5, 144.37), (6, 531.74), (7, 231.05), (7, 231.05), (3, 378.63), (7, 231.05), (7, 231.05), (3, 378.63), (7, 231.05), (2, 112.75), (2, 112.75), (2, 112.75), (2, 112.75), (2, 112.75), (2, 112.75), (5, 144.37), (5, 144.37), (3, 378.63), (5, 144.37), (7, 231.05), (5, 144.37), (2, 112.75), (2, 112.75), (4, 186.68), (2, 112.75), (2, 112.75), (2, 112.75), (5, 144.37), (5, 144.37), (5, 144.37), (5, 144.37), (5, 144.37), (5, 144.37), (6, 531.74), (6, 531.74), (6, 531.74), (5, 144.37), (6, 531.74), (6, 531.74), (7, 231.05), (7, 231.05), (2, 112.75), (5, 144.37), (2, 112.75), (5, 144.37)
(6, 640.61), (1, 438.04), (2, 23.41), (3, 376.15), (4, 139.13), (5, 176.82), (6, 640.61), (7, 211.54), (7, 211.54), (7, 211.54), (7, 211.54), (7, 211.54), (7, 211.54), (7, 211.54), (2, 23.41), (2, 23.41), (2, 23.41), (2, 23.41), (2, 23.41), (2, 23.41), (7, 211.54), (7, 211.54), (7, 211.54), (5, 176.82), (7, 211.54), (5, 176.82), (2, 23.41), (2, 23.41), (2, 23.41), (2, 23.41), (2, 23.41), (2, 23.41), (5, 176.82), (5, 176.82), (2, 23.41), (5, 176.82), (2, 23.41), (2, 23.41), (2, 23.41), (2, 23.41), (6, 640.61), (2, 23.41), (2, 23.41), (2, 23.41), (7, 211.54), (7, 211.54), (2, 23.41), (7, 211.54), (2, 23.41), (2, 23.41)
(3, 58.87), (1, 43.86), (2, 442.22), (3, 58.87), (4, 557.5), (5, 290.0), (6, 797.12), (7, 207.85), (1, 43.86), (1, 43.86), (1, 43.86), (1, 43.86), (1, 43.86), (1, 43.86), (7, 207.85), (7, 207.85), (7, 207.85), (7, 207.85), (5, 290.0), (7, 207.85), (1, 43.86), (3, 58.87), (3, 58.87), (3, 58.87), (1, 43.86), (3, 58.87), (7, 207.85), (7, 207.85), (7, 207.85), (7, 207.85), (7, 207.85), (7, 207.85), (3, 58.87), (3, 58.87), (7, 207.85), (3, 58.87), (7, 207.85), (5, 290.0), (3, 58.87), (3, 58.87), (3, 58.87), (3, 58.87), (3, 58.87), (3, 58.87), (7, 207.85), (3, 58.87), (7, 207.85), (3, 58.87), (3, 58.87), (3, 58.87)
(6, 771.09), (1, 73.98), (2, 397.62), (3, 38.28), (4, 512.91), (5, 248.52), (6, 771.09), (7, 163.32), (1, 73.98), (1, 73.98), (1, 73.98), (1, 73.98), (3, 38.28), (1, 73.98), (7, 163.32), (7, 163.32), (7, 163.32), (7, 163.32), (5, 248.52), (7, 163.32), (3, 38.28), (3, 38.28), (3, 38.28), (3, 38.28), (1, 73.98), (3, 38.28), (7, 163.32), (7, 163.32), (7, 163.32), (7, 163.32), (7, 163.32), (7, 163.32), (7, 163.32), (7, 163.32), (7, 163.32), (3, 38.28), (7, 163.32), (5, 248.52), (6, 771.09), (3, 38.28), (6, 771.09), (3, 38.28), (3, 38.28), (3, 38.28), (7, 163.32), (3, 38.28), (7, 163.32), (7, 163.32), (7, 163.32), (7, 163.32)
(6, 779.85), (1, 64.64), (2, 443.31), (3, 48.0), (4, 558.97), (5, 283.71), (6, 779.85), (7, 208.39), (1, 64.64), (1, 64.64), (1, 64.64), (1, 64.64), (3, 48.0), (1, 64.64), (3, 48.0), (7, 208.39), (7, 208.39), (7, 208.39), (3, 48.0), (7, 208.39), (3, 48.0), (3, 48.0), (3, 48.0), (3, 48.0), (1, 64.64), (3, 48.0), (7, 208.39), (7, 208.39), (7, 208.39), (7, 208.39), (7, 208.39), (7, 208.39), (3, 48.0), (3, 48.0), (3, 48.0), (3, 48.0), (7, 208.39), (3, 48.0), (6, 779.85), (3, 48.0), (6, 779.85), (3, 48.0), (3, 48.0), (3, 48.0), (7, 208.39), (3, 48.0), (7, 208.39), (3, 48.0), (3, 48.0), (3, 48.0)
(6, 656.87), (1, 183.17), (2, 360.41), (3, 83.01), (4, 474.83), (5, 175.68), (6, 656.87), (7, 143.89), (3, 83.01), (3, 83.01), (3, 83.01), (3, 83.01), (3, 83.01), (3, 83.01), (5, 175.68), (7, 143.89), (5, 175.68), (7, 143.89), (5, 175.68), (5, 175.68), (3, 83.01), (3, 83.01), (3, 83.01), (3, 83.01), (3, 83.01), (3, 83.01), (5, 175.68), (5, 175.68), (5, 175.68), (2, 360.41), (7, 143.89), (2, 360.41), (5, 175.68), (5, 175.68), (7, 143.89), (3, 83.01), (7, 143.89), (5, 175.68), (6, 656.87), (6, 656.87), (6, 656.87), (5, 175.68), (6, 656.87), (6, 656.87), (7, 143.89), (7, 143.89), (7, 143.89), (7, 143.89), (7, 143.89), (7, 143.89)
(6, 837.1), (1, 70.43), (2, 406.91), (3, 115.52), (4, 518.68), (5, 289.69), (6, 837.1), (7, 186.96), (1, 70.43), (1, 70.43), (1, 70.43), (1, 70.43), (1, 70.43), (1, 70.43), (7, 186.96), (7, 186.96), (7, 186.96), (7, 186.96), (7, 186.96), (7, 186.96), (1, 70.43), (1, 70.43), (1, 70.43), (3, 115.52), (1, 70.43), (3, 115.52), (2, 406.91), (2, 406.91), (2, 406.91), (7, 186.96), (7, 186.96), (2, 406.91), (7, 186.96), (7, 186.96), (7, 186.96), (3, 115.52), (7, 186.96), (5, 289.69), (6, 837.1), (3, 115.52), (6, 837.1), (3, 115.52), (3, 115.52), (3, 115.52), (7, 186.96), (7, 186.96), (7, 186.96), (7, 186.96), (7, 186.96), (7, 186.96)
(6, 642.65), (1, 199.02), (2, 340.65), (3, 99.54), (4, 454.67), (5, 154.31), (6, 642.65), (7, 129.87), (3, 99.54), (3, 99.54), (3, 99.54), (3, 99.54), (3, 99.54), (3, 99.54), (5, 154.31), (7, 129.87), (5, 154.31), (7, 129.87), (5, 154.31), (5, 154.31), (3, 99.54), (3, 99.54), (3, 99.54), (3, 99.54), (3, 99.54), (3, 99.54), (5, 154.31), (5, 154.31), (5, 154.31), (2, 340.65), (7, 129.87), (2, 340.65), (5, 154.31), (5, 154.31), (7, 129.87), (5, 154.31), (7, 129.87), (5, 154.31), (6, 642.65), (6, 642.65), (6, 642.65), (5, 154.31), (5, 154.31), (6, 642.65), (7, 129.87), (7, 129.87), (7, 129.87), (7, 129.87), (7, 129.87), (7, 129.87)
(6, 628.17), (1, 563.66), (2, 102.39), (3, 499.77), (4, 29.27), (5, 284.61), (6, 628.17), (7, 336.2), (2, 102.39), (7, 336.2), (2, 102.39), (2, 102.39), (7, 336.2), (2, 102.39), (4, 29.27), (2, 102.39), (2, 102.39), (4, 29.27), (2, 102.39), (2, 102.39), (7, 336.2), (7, 336.2), (7, 336.2), (5, 284.61), (2, 102.39), (5, 284.61), (4, 29.27), (4, 29.27), (4, 29.27), (4, 29.27), (4, 29.27), (4, 29.27), (2, 102.39), (2, 102.39), (2, 102.39), (5, 284.61), (2, 102.39), (2, 102.39), (6, 628.17), (6, 628.17), (6, 628.17), (4, 29.27), (4, 29.27), (4, 29.27), (2, 102.39), (2, 102.39), (2, 102.39), (2, 102.39), (2, 102.39), (2, 102.39)
(6, 598.34), (1, 564.03), (2, 107.23), (3, 495.9), (4, 58.08), (5, 273.91), (6, 598.34), (7, 334.46), (2, 107.23), (7, 334.46), (2, 107.23), (2, 107.23), (3, 495.9), (7, 334.46), (2, 107.23), (2, 107.23), (2, 107.23), (2, 107.23), (2, 107.23), (2, 107.23), (7, 334.46), (7, 334.46), (7, 334.46), (5, 273.91), (2, 107.23), (5, 273.91), (4, 58.08), (4, 58.08), (4, 58.08), (4, 58.08), (4, 58.08), (4, 58.08), (5, 273.91), (2, 107.23), (2, 107.23), (5, 273.91), (2, 107.23), (2, 107.23), (6, 598.34), (6, 598.34), (6, 598.34), (4, 58.08), (6, 598.34), (6, 598.34), (2, 107.23), (2, 107.23), (2, 107.23), (2, 107.23), (2, 107.23), (2, 107.23)
(6, 616.1), (1, 640.93), (2, 180.6), (3, 574.13), (4, 79.71), (5, 351.64), (6, 616.1), (7, 412.08), (2, 180.6), (7, 412.08), (2, 180.6), (2, 180.6), (3, 574.13), (2, 180.6), (4, 79.71), (2, 180.6), (2, 180.6), (4, 79.71), (4, 79.71), (2, 180.6), (7, 412.08), (7, 412.08), (7, 412.08), (5, 351.64), (2, 180.6), (5, 351.64), (4, 79.71), (4, 79.71), (4, 79.71), (4, 79.71), (4, 79.71), (4, 79.71), (5, 351.64), (2, 180.6), (2, 180.6), (5, 351.64), (2, 180.6), (4, 79.71), (6, 616.1), (6, 616.1), (6, 616.1), (4, 79.71), (6, 616.1), (6, 616.1), (2, 180.6), (2, 180.6), (2, 180.6), (2, 180.6), (4, 79.71), (2, 180.6)
(4, 70.29), (1, 552.05), (2, 120.44), (3, 502.57), (4, 70.29), (5, 315.85), (6, 718.84), (7, 337.94), (2, 120.44), (7, 337.94), (7, 337.94), (2, 120.44), (7, 337.94), (7, 337.94), (4, 70.29), (2, 120.44), (2, 120.44), (2, 120.44), (2, 120.44), (2, 120.44), (7, 337.94), (7, 337.94), (7, 337.94), (2, 120.44), (7, 337.94), (2, 120.44), (4, 70.29), (4, 70.29), (4, 70.29), (4, 70.29), (4, 70.29), (4, 70.29), (2, 120.44), (2, 120.44), (2, 120.44), (5, 315.85), (2, 120.44), (2, 120.44), (4, 70.29), (4, 70.29), (4, 70.29), (4, 70.29), (4, 70.29), (4, 70.29), (2, 120.44), (2, 120.44), (2, 120.44), (2, 120.44), (2, 120.44), (2, 120.44)
(4, 111.2), (1, 596.71), (2, 179.79), (3, 553.0), (4, 111.2), (5, 374.15), (6, 766.63), (7, 389.74), (7, 389.74), (1, 596.71), (7, 389.74), (7, 389.74), (7, 389.74), (7, 389.74), (4, 111.2), (2, 179.79), (2, 179.79), (2, 179.79), (2, 179.79), (2, 179.79), (7, 389.74), (7, 389.74), (7, 389.74), (7, 389.74), (7, 389.74), (7, 389.74), (4, 111.2), (4, 111.2), (4, 111.2), (4, 111.2), (4, 111.2), (4, 111.2), (2, 179.79), (2, 179.79), (2, 179.79), (5, 374.15), (2, 179.79), (2, 179.79), (4, 111.2), (4, 111.2), (4, 111.2), (4, 111.2), (4, 111.2), (4, 111.2), (7, 389.74), (7, 389.74), (2, 179.79), (2, 179.79), (2, 179.79), (2, 179.79)
(4, 69.64), (1, 574.79), (2, 140.35), (3, 525.33), (4, 69.64), (5, 336.62), (6, 724.47), (7, 360.63), (2, 140.35), (7, 360.63), (2, 140.35), (2, 140.35), (7, 360.63), (7, 360.63), (4, 69.64), (2, 140.35), (2, 140.35), (4, 69.64), (2, 140.35), (2, 140.35), (7, 360.63), (7, 360.63), (7, 360.63), (2, 140.35), (2, 140.35), (2, 140.35), (4, 69.64), (4, 69.64), (4, 69.64), (4, 69.64), (4, 69.64), (4, 69.64), (2, 140.35), (2, 140.35), (2, 140.35), (5, 336.62), (2, 140.35), (2, 140.35), (4, 69.64), (4, 69.64), (4, 69.64), (4, 69.64), (4, 69.64), (4, 69.64), (2, 140.35), (2, 140.35), (2, 140.35), (2, 140.35), (2, 140.35), (2, 140.35)
(5, 12.81), (1, 312.85), (2, 194.52), (3, 228.97), (4, 305.79), (5, 12.81), (6, 589.29), (7, 97.42), (7, 97.42), (3, 228.97), (7, 97.42), (7, 97.42), (3, 228.97), (7, 97.42), (5, 12.81), (5, 12.81), (5, 12.81), (5, 12.81), (5, 12.81), (5, 12.81), (3, 228.97), (7, 97.42), (3, 228.97), (5, 12.81), (7, 97.42), (5, 12.81), (2, 194.52), (5, 12.81), (5, 12.81), (2, 194.52), (2, 194.52), (2, 194.52), (5, 12.81), (5, 12.81), (5, 12.81), (5, 12.81), (5, 12.81), (5, 12.81), (5, 12.81), (5, 12.81), (5, 12.81), (5, 12.81), (5, 12.81), (5, 12.81), (7, 97.42), (7, 97.42), (5, 12.81), (5, 12.81), (5, 12.81), (5, 12.81)
(5, 31.89), (1, 296.24), (2, 198.49), (3, 214.95), (4, 311.89), (5, 31.89), (6, 608.08), (7, 78.03), (7, 78.03), (3, 214.95), (7, 78.03), (7, 78.03), (3, 214.95), (7, 78.03), (5, 31.89), (5, 31.89), (2, 198.49), (5, 31.89), (5, 31.89), (5, 31.89), (3, 214.95), (7, 78.03), (3, 214.95), (5, 31.89), (7, 78.03), (5, 31.89), (2, 198.49), (2, 198.49), (2, 198.49), (2, 198.49), (2, 198.49), (2, 198.49), (5, 31.89), (5, 31.89), (5, 31.89), (5, 31.89), (5, 31.89), (5, 31.89), (5, 31.89), (5, 31.89), (6, 608.08), (5, 31.89), (5, 31.89), (5, 31.89), (7, 78.03), (7, 78.03), (5, 31.89), (7, 78.03), (7, 78.03), (5, 31.89)
(6, 633.86), (1, 310.65), (2, 161.76), (3, 239.59), (4, 277.22), (5, 65.92), (6, 633.86), (7, 80.1), (7, 80.1), (7, 80.1), (7, 80.1), (7, 80.1), (3, 239.59), (7, 80.1), (2, 161.76), (2, 161.76), (2, 161.76), (2, 161.76), (5, 65.92), (2, 161.76), (7, 80.1), (7, 80.1), (3, 239.59), (7, 80.1), (7, 80.1), (7, 80.1), (2, 161.76), (2, 161.76), (2, 161.76), (2, 161.76), (2, 161.76), (2, 161.76), (5, 65.92), (5, 65.92), (5, 65.92), (5, 65.92), (7, 80.1), (5, 65.92), (5, 65.92), (5, 65.92), (6, 633.86), (5, 65.92), (5, 65.92), (5, 65.92), (7, 80.1), (7, 80.1), (5, 65.92), (7, 80.1), (7, 80.1), (7, 80.1)
(6, 559.3), (1, 284.43), (2, 309.87), (3, 185.01), (4, 417.19), (5, 113.46), (6, 559.3), (7, 156.18), (3, 185.01), (3, 185.01), (3, 185.01), (3, 185.01), (3, 185.01), (3, 185.01), (5, 113.46), (5, 113.46), (5, 113.46), (5, 113.46), (5, 113.46), (5, 113.46), (3, 185.01), (3, 185.01), (3, 185.01), (3, 185.01), (3, 185.01), (5, 113.46), (5, 113.46), (5, 113.46), (5, 113.46), (5, 113.46), (5, 113.46), (5, 113.46), (5, 113.46), (5, 113.46), (5, 113.46), (5, 113.46), (5, 113.46), (5, 113.46), (6, 559.3), (6, 559.3), (6, 559.3), (5, 113.46), (6, 559.3), (6, 559.3), (7, 156.18), (7, 156.18), (5, 113.46), (7, 156.18), (7, 156.18), (5, 113.46)
(6, 653.6), (1, 294.16), (2, 172.19), (3, 227.27), (4, 288.02), (5, 81.34), (6, 653.6), (7, 63.79), (7, 63.79), (7, 63.79), (7, 63.79), (7, 63.79), (7, 63.79), (7, 63.79), (2, 172.19), (2, 172.19), (2, 172.19), (2, 172.19), (5, 81.34), (2, 172.19), (7, 63.79), (7, 63.79), (7, 63.79), (7, 63.79), (7, 63.79), (7, 63.79), (2, 172.19), (2, 172.19), (2, 172.19), (2, 172.19), (2, 172.19), (2, 172.19), (5, 81.34), (5, 81.34), (7, 63.79), (5, 81.34), (7, 63.79), (5, 81.34), (5, 81.34), (5, 81.34), (6, 653.6), (5, 81.34), (5, 81.34), (5, 81.34), (7, 63.79), (7, 63.79), (7, 63.79), (7, 63.79), (7, 63.79), (7, 63.79)
(6, 530.09), (1, 373.64), (2, 186.21), (3, 285.0), (4, 285.03), (5, 53.49), (6, 530.09), (7, 162.11), (5, 53.49), (3, 285.0), (5, 53.49), (5, 53.49), (3, 285.0), (5, 53.49), (5, 53.49), (5, 53.49), (2, 186.21), (2, 186.21), (5, 53.49), (2, 186.21), (5, 53.49), (5, 53.49), (3, 285.0), (5, 53.49), (5, 53.49), (5, 53.49), (2, 186.21), (2, 186.21), (4, 285.03), (2, 186.21), (2, 186.21), (2, 186.21), (5, 53.49), (5, 53.49), (5, 53.49), (5, 53.49), (5, 53.49), (5, 53.49), (6, 530.09), (6, 530.09), (6, 530.09), (5, 53.49), (6, 530.09), (6, 530.09), (5, 53.49), (7, 162.11), (5, 53.49), (5, 53.49), (5, 53.49), (5, 53.49)
(6, 59.03), (1, 894.36), (2, 673.55), (3, 794.19), (4, 681.26), (5, 623.75), (6, 59.03), (7, 731.24), (6, 59.03), (6, 59.03), (3, 794.19), (3, 794.19), (6, 59.03), (3, 794.19), (6, 59.03), (2, 673.55), (6, 59.03), (2, 673.55), (6, 59.03), (2, 673.55), (3, 794.19), (6, 59.03), (6, 59.03), (6, 59.03), (6, 59.03), (6, 59.03), (6, 59.03), (6, 59.03), (6, 59.03), (4, 681.26), (4, 681.26), (4, 681.26), (5, 623.75), (5, 623.75), (5, 623.75), (6, 59.03), (5, 623.75), (6, 59.03), (6, 59.03), (6, 59.03), (6, 59.03), (6, 59.03), (6, 59.03), (6, 59.03), (5, 623.75), (7, 731.24), (6, 59.03), (5, 623.75), (5, 623.75), (5, 623.75)
(6, 60.11), (1, 831.19), (2, 664.4), (3, 731.68), (4, 689.88), (5, 584.77), (6, 60.11), (7, 687.97), (3, 731.68), (3, 731.68), (3, 731.68), (3, 731.68), (3, 731.68), (3, 731.68), (6, 60.11), (2, 664.4), (2, 664.4), (2, 664.4), (6, 60.11), (2, 664.4), (3, 731.68), (3, 731.68), (3, 731.68), (6, 60.11), (3, 731.68), (6, 60.11), (6, 60.11), (6, 60.11), (6, 60.11), (4, 689.88), (4, 689.88), (4, 689.88), (5, 584.77), (5, 584.77), (5, 584.77), (6, 60.11), (5, 584.77), (6, 60.11), (6, 60.11), (6, 60.11), (6, 60.11), (6, 60.11), (6, 60.11), (6, 60.11), (5, 584.77), (7, 687.97), (5, 584.77), (5, 584.77), (5, 584.77), (5, 584.77)
(6, 77.47), (1, 914.29), (2, 713.66), (3, 814.33), (4, 725.69), (5, 653.94), (6, 77.47), (7, 760.01), (6, 77.47), (6, 77.47), (3, 814.33), (3, 814.33), (6, 77.47), (3, 814.33), (6, 77.47), (6, 77.47), (6, 77.47), (6, 77.47), (6, 77.47), (6, 77.47), (3, 814.33), (6, 77.47), (6, 77.47), (6, 77.47), (6, 77.47), (6, 77.47), (6, 77.47), (6, 77.47), (6, 77.47), (4, 725.69), (4, 725.69), (4, 725.69), (5, 653.94), (6, 77.47), (6, 77.47), (6, 77.47), (6, 77.47), (6, 77.47), (6, 77.47), (6, 77.47), (6, 77.47), (6, 77.47), (6, 77.47), (6, 77.47), (6, 77.47), (6, 77.47), (6, 77.47), (6, 77.47), (6, 77.47), (6, 77.47)
(6, 169.25), (1, 730.69), (2, 626.66), (3, 632.87), (4, 672.3), (5, 514.78), (6, 169.25), (7, 610.38), (3, 632.87), (3, 632.87), (1, 730.69), (3, 632.87), (3, 632.87), (3, 632.87), (2, 626.66), (2, 626.66), (2, 626.66), (2, 626.66), (5, 514.78), (2, 626.66), (3, 632.87), (3, 632.87), (3, 632.87), (5, 514.78), (3, 632.87), (5, 514.78), (4, 672.3), (4, 672.3), (4, 672.3), (4, 672.3), (4, 672.3), (4, 672.3), (5, 514.78), (5, 514.78), (5, 514.78), (5, 514.78), (5, 514.78), (5, 514.78), (6, 169.25), (6, 169.25), (6, 169.25), (6, 169.25), (6, 169.25), (6, 169.25), (5, 514.78), (7, 610.38), (5, 514.78), (5, 514.78), (5, 514.78), (5, 514.78)
(6, 50.25), (1, 808.63), (2, 591.16), (3, 708.47), (4, 605.64), (5, 536.11), (6, 50.25), (7, 643.54), (3, 708.47), (3, 708.47), (3, 708.47), (3, 708.47), (3, 708.47), (3, 708.47), (6, 50.25), (2, 591.16), (2, 591.16), (2, 591.16), (6, 50.25), (2, 591.16), (3, 708.47), (3, 708.47), (3, 708.47), (6, 50.25), (3, 708.47), (5, 536.11), (4, 605.64), (6, 50.25), (6, 50.25), (4, 605.64), (4, 605.64), (4, 605.64), (5, 536.11), (5, 536.11), (5, 536.11), (6, 50.25), (5, 536.11), (6, 50.25), (6, 50.25), (6, 50.25), (6, 50.25), (6, 50.25), (6, 50.25), (6, 50.25), (5, 536.11), (7, 643.54), (5, 536.11), (5, 536.11), (5, 536.11), (5, 536.11)
(6, 31.91), (1, 810.73), (2, 607.46), (3, 710.59), (4, 625.45), (5, 544.96), (6, 31.91), (7, 651.41), (3, 710.59), (3, 710.59), (3, 710.59), (3, 710.59), (3, 710.59), (3, 710.59), (6, 31.91), (2, 607.46), (2, 607.46), (2, 607.46), (6, 31.91), (2, 607.46), (3, 710.59), (3, 710.59), (3, 710.59), (6, 31.91), (3, 710.59), (6, 31.91), (4, 625.45), (6, 31.91), (6, 31.91), (4, 625.45), (4, 625.45), (4, 625.45), (5, 544.96), (5, 544.96), (5, 544.96), (6, 31.91), (5, 544.96), (6, 31.91), (6, 31.91), (6, 31.91), (6, 31.91), (6, 31.91), (6, 31.91), (6, 31.91), (5, 544.96), (7, 651.41), (5, 544.96), (5, 544.96), (5, 544.96), (5, 544.96)
(6, 674.5), (1, 241.51), (2, 225.2), (3, 174.43), (4, 340.98), (5, 100.0), (6, 674.5), (7, 11.05), (7, 11.05), (7, 11.05), (7, 11.05), (7, 11.05), (7, 11.05), (7, 11.05), (7, 11.05), (7, 11.05), (2, 225.2), (7, 11.05), (7, 11.05), (7, 11.05), (7, 11.05), (7, 11.05), (7, 11.05), (7, 11.05), (7, 11.05), (7, 11.05), (2, 225.2), (2, 225.2), (2, 225.2), (2, 225.2), (7, 11.05), (2, 225.2), (7, 11.05), (7, 11.05), (7, 11.05), (7, 11.05), (7, 11.05), (5, 100.0), (5, 100.0), (5, 100.0), (6, 674.5), (5, 100.0), (5, 100.0), (5, 100.0), (7, 11.05), (7, 11.05), (7, 11.05), (7, 11.05), (7, 11.05), (7, 11.05)
(6, 739.66), (1, 185.95), (2, 275.83), (3, 143.4), (4, 389.45), (5, 168.96), (6, 739.66), (7, 59.54), (1, 185.95), (1, 185.95), (1, 185.95), (1, 185.95), (3, 143.4), (1, 185.95), (7, 59.54), (7, 59.54), (7, 59.54), (7, 59.54), (7, 59.54), (7, 59.54), (3, 143.4), (3, 143.4), (3, 143.4), (7, 59.54), (7, 59.54), (7, 59.54), (2, 275.83), (2, 275.83), (2, 275.83), (2, 275.83), (7, 59.54), (2, 275.83), (7, 59.54), (7, 59.54), (7, 59.54), (7, 59.54), (7, 59.54), (7, 59.54), (7, 59.54), (7, 59.54), (6, 739.66), (7, 59.54), (7, 59.54), (7, 59.54), (7, 59.54), (7, 59.54), (7, 59.54), (7, 59.54), (7, 59.54), (7, 59.54)
(6, 657.69), (1, 329.73), (2, 132.61), (3, 267.48), (4, 248.17), (5, 104.02), (6, 657.69), (7, 102.46), (7, 102.46), (7, 102.46), (7, 102.46), (7, 102.46), (7, 102.46), (7, 102.46), (2, 132.61), (2, 132.61), (2, 132.61), (2, 132.61), (2, 132.61), (2, 132.61), (7, 102.46), (7, 102.46), (7, 102.46), (7, 102.46), (7, 102.46), (7, 102.46), (2, 132.61), (2, 132.61), (2, 132.61), (2, 132.61), (2, 132.61), (2, 132.61), (5, 104.02), (5, 104.02), (5, 104.02), (5, 104.02), (7, 102.46), (5, 104.02), (6, 657.69), (5, 104.02), (6, 657.69), (5, 104.02), (5, 104.02), (5, 104.02), (7, 102.46), (7, 102.46), (7, 102.46), (7, 102.46), (7, 102.46), (7, 102.46)
(6, 650.03), (1, 248.0), (2, 229.98), (3, 171.71), (4, 345.58), (5, 79.62), (6, 650.03), (7, 33.02), (7, 33.02), (3, 171.71), (7, 33.02), (7, 33.02), (3, 171.71), (7, 33.02), (5, 79.62), (7, 33.02), (2, 229.98), (7, 33.02), (5, 79.62), (7, 33.02), (3, 171.71), (7, 33.02), (3, 171.71), (7, 33.02), (7, 33.02), (7, 33.02), (2, 229.98), (2, 229.98), (2, 229.98), (2, 229.98), (2, 229.98), (2, 229.98), (5, 79.62), (7, 33.02), (7, 33.02), (7, 33.02), (7, 33.02), (5, 79.62), (5, 79.62), (5, 79.62), (6, 650.03), (5, 79.62), (5, 79.62), (5, 79.62), (7, 33.02), (7, 33.02), (7, 33.02), (7, 33.02), (7, 33.02), (7, 33.02)
(6, 784.42), (1, 280.75), (2, 220.24), (3, 258.5), (4, 320.1), (5, 213.86), (6, 784.42), (7, 133.0), (1, 280.75), (1, 280.75), (1, 280.75), (1, 280.75), (3, 258.5), (1, 280.75), (2, 220.24), (2, 220.24), (2, 220.24), (2, 220.24), (2, 220.24), (2, 220.24), (3, 258.5), (7, 133.0), (3, 258.5), (7, 133.0), (7, 133.0), (7, 133.0), (2, 220.24), (2, 220.24), (4, 320.1), (2, 220.24), (2, 220.24), (2, 220.24), (5, 213.86), (7, 133.0), (7, 133.0), (7, 133.0), (7, 133.0), (5, 213.86), (5, 213.86), (5, 213.86), (6, 784.42), (5, 213.86), (5, 213.86), (5, 213.86), (7, 133.0), (7, 133.0), (7, 133.0), (7, 133.0), (7, 133.0), (7, 133.0)
(6, 638.04), (1, 270.05), (2, 209.15), (3, 193.88), (4, 324.49), (5, 62.8), (6, 638.04), (7, 47.01), (7, 47.01), (3, 193.88), (7, 47.01), (7, 47.01), (3, 193.88), (7, 47.01), (5, 62.8), (7, 47.01), (2, 209.15), (7, 47.01), (5, 62.8), (2, 209.15), (3, 193.88), (7, 47.01), (3, 193.88), (7, 47.01), (7, 47.01), (7, 47.01), (2, 209.15), (2, 209.15), (2, 209.15), (2, 209.15), (2, 209.15), (2, 209.15), (5, 62.8), (5, 62.8), (7, 47.01), (5, 62.8), (7, 47.01), (5, 62.8), (5, 62.8), (5, 62.8), (6, 638.04), (5, 62.8), (5, 62.8), (5, 62.8), (7, 47.01), (7, 47.01), (7, 47.01), (7, 47.01), (7, 47.01), (7, 47.01)
% Distances 
0.0, 1174.82, 962.12, 1075.1, 960.02, 915.31, 339.41, 1022.0, 1246.18, 1165.21, 1255.34, 1250.64, 1116.33, 1170.72, 893.67, 998.55, 945.99, 1059.21, 860.34, 966.72, 1131.6, 1107.59, 1113.49, 992.67, 1175.11, 979.41, 935.2, 905.94, 906.99, 1027.74, 1068.93, 1029.59, 928.09, 947.0, 971.44, 897.12, 991.48, 867.94, 292.51, 344.0, 262.45, 455.72, 379.64, 370.59, 1013.7, 1079.06, 993.46, 989.38, 1121.19, 977.13
1174.82, 0.0, 461.35, 100.17, 575.38, 321.7, 839.83, 230.71, 89.74, 60.37, 81.32, 82.37, 67.62, 21.26, 495.28, 413.32, 460.22, 430.22, 459.04, 438.04, 43.86, 73.98, 64.64, 183.17, 70.43, 199.02, 563.66, 564.03, 640.93, 552.05, 596.71, 574.79, 312.85, 296.24, 310.65, 284.43, 294.16, 373.64, 894.36, 831.19, 914.29, 730.69, 808.63, 810.73, 241.51, 185.95, 329.73, 248.0, 280.75, 270.05
962.12, 461.35, 0.0, 399.45, 115.83, 196.66, 638.94, 234.92, 469.03, 503.3, 506.57, 488.17, 456.03, 442.4, 69.53, 53.94, 17.26, 98.08, 112.75, 23.41, 442.22, 397.62, 443.31, 360.41, 406.91, 340.65, 102.39, 107.23, 180.6, 120.44, 179.79, 140.35, 194.52, 198.49, 161.76, 309.87, 172.19, 186.21, 673.55, 664.4, 713.66, 626.66, 591.16, 607.46, 225.2, 275.83, 132.61, 229.98, 220.24, 209.15
1075.1, 100.17, 399.45, 0.0, 515.28, 235.85, 739.74, 165.22, 176.21, 112.0, 180.24, 176.78, 58.69, 96.18, 422.8, 357.25, 395.24, 387.83, 378.63, 376.15, 58.87, 38.28, 48.0, 83.01, 115.52, 99.54, 499.77, 495.9, 574.13, 502.57, 553.0, 525.33, 228.97, 214.95, 239.59, 185.01, 227.27, 285.0, 794.19, 731.68, 814.33, 632.87, 708.47, 710.59, 174.43, 143.4, 267.48, 171.71, 258.5, 193.88
960.02, 575.38, 115.83, 515.28, 0.0, 306.11, 655.47, 350.6, 577.85, 618.59, 617.07, 597.92, 571.74, 556.04, 119.57, 162.27, 121.76, 167.87, 186.68, 139.13, 557.5, 512.91, 558.97, 474.83, 518.68, 454.67, 29.27, 58.08, 79.71, 70.29, 111.2, 69.64, 305.79, 311.89, 277.22, 417.19, 288.02, 285.03, 681.26, 689.88, 725.69, 672.3, 605.64, 625.45, 340.98, 389.45, 248.17, 345.58, 320.1, 324.49
915.31, 321.7, 196.66, 235.85, 306.11, 0.0, 576.49, 109.55, 362.44, 347.63, 387.83, 375.0, 294.43, 307.61, 197.09, 176.78, 186.0, 235.85, 144.37, 176.82, 290.0, 248.52, 283.71, 175.68, 289.69, 154.31, 284.61, 273.91, 351.64, 315.85, 374.15, 336.62, 12.81, 31.89, 65.92, 113.46, 81.34, 53.49, 623.75, 584.77, 653.94, 514.78, 536.11, 544.96, 100.0, 168.96, 104.02, 79.62, 213.86, 62.8
339.41, 839.83, 638.94, 739.74, 655.47, 576.49, 0.0, 682.71, 908.72, 834.14, 919.67, 914.04, 783.6, 834.66, 572.93, 670.38, 622.13, 733.65, 531.74, 640.61, 797.12, 771.09, 779.85, 656.87, 837.1, 642.65, 628.17, 598.34, 616.1, 718.84, 766.63, 724.47, 589.29, 608.08, 633.86, 559.3, 653.6, 530.09, 59.03, 60.11, 77.47, 169.25, 50.25, 31.91, 674.5, 739.66, 657.69, 650.03, 784.42, 638.04
1022.0, 230.71, 234.92, 165.22, 350.6, 109.55, 682.71, 0.0, 257.84, 268.81, 287.57, 272.57, 221.14, 213.46, 264.6, 192.08, 231.8, 227.11, 231.05, 211.54, 207.85, 163.32, 208.39, 143.89, 186.96, 129.87, 336.2, 334.46, 412.08, 337.94, 389.74, 360.63, 97.42, 78.03, 80.1, 156.18, 63.79, 162.11, 731.24, 687.97, 760.01, 610.38, 643.54, 651.41, 11.05, 59.54, 102.46, 33.02, 133.0, 47.01
1246.18, 89.74, 469.03, 176.21, 577.85, 362.44, 908.72, 257.84, 0.0, 141.09, 45.45, 23.43, 156.85, 82.3, 513.47, 417.02, 471.21, 419.86, 487.77, 446.59, 129.87, 140.19, 151.92, 255.29, 73.35, 266.99, 570.47, 575.5, 649.33, 544.27, 582.22, 566.41, 351.65, 333.05, 335.54, 349.43, 316.08, 415.91, 961.67, 903.87, 984.37, 807.96, 874.88, 878.81, 268.78, 201.25, 344.37, 283.37, 262.64, 303.3
1165.21, 60.37, 503.3, 112.0, 618.59, 347.63, 834.14, 268.81, 141.09, 0.0, 115.95, 126.67, 54.59, 80.45, 531.49, 457.74, 500.6, 480.03, 489.69, 479.89, 61.1, 105.69, 64.01, 187.76, 130.08, 207.33, 604.95, 603.01, 680.82, 599.79, 646.72, 622.61, 340.41, 325.72, 346.83, 291.05, 332.47, 397.01, 890.11, 821.24, 906.95, 715.44, 805.9, 806.08, 279.02, 232.24, 370.71, 280.45, 335.07, 302.8
1255.34, 81.32, 506.57, 180.24, 617.07, 387.83, 919.67, 287.57, 45.45, 115.95, 0.0, 22.02, 146.48, 85.23, 548.04, 455.41, 507.82, 461.49, 518.61, 483.8, 125.18, 149.22, 145.45, 262.84, 101.04, 277.41, 608.55, 612.3, 687.15, 585.72, 625.0, 608.03, 377.79, 359.87, 366.92, 362.22, 348.32, 440.94, 973.78, 911.9, 994.46, 811.97, 887.69, 890.34, 298.61, 234.0, 379.22, 310.28, 304.92, 331.27
1250.64, 82.37, 488.17, 176.78, 597.92, 375.0, 914.04, 272.57, 23.43, 126.67, 22.02, 0.0, 149.82, 80.62, 531.05, 436.61, 489.86, 441.2, 503.35, 465.55, 125.36, 143.06, 146.81, 258.15, 85.7, 271.4, 589.93, 594.28, 668.67, 565.53, 604.2, 587.77, 364.59, 346.34, 351.28, 355.29, 332.27, 428.34, 967.6, 907.67, 989.26, 809.64, 881.15, 884.41, 283.59, 217.52, 362.0, 296.62, 284.29, 317.16
1116.33, 67.62, 456.03, 58.69, 571.74, 294.43, 783.6, 221.14, 156.85, 54.59, 146.48, 149.82, 0.0, 76.79, 481.07, 412.38, 452.39, 439.3, 437.32, 432.66, 30.15, 63.64, 13.45, 133.41, 118.23, 152.78, 556.92, 553.72, 631.84, 556.52, 605.48, 579.33, 287.66, 273.61, 297.25, 236.81, 284.11, 343.15, 839.1, 772.35, 857.06, 668.95, 754.36, 755.16, 230.85, 191.47, 323.6, 229.8, 301.56, 252.07
1170.72, 21.26, 442.4, 96.18, 556.04, 307.61, 834.66, 213.46, 82.3, 80.45, 85.23, 80.62, 76.79, 0.0, 477.73, 393.86, 441.65, 409.66, 443.07, 419.14, 48.08, 64.01, 70.21, 178.04, 49.65, 192.21, 544.77, 545.69, 622.31, 531.79, 576.06, 554.51, 298.3, 281.2, 293.55, 276.99, 276.52, 360.1, 888.63, 827.51, 909.6, 729.03, 802.48, 805.24, 224.38, 166.64, 311.26, 232.36, 259.62, 254.16
893.67, 495.28, 69.53, 422.8, 119.57, 197.09, 572.93, 264.6, 513.47, 531.49, 548.04, 531.05, 481.07, 477.73, 0.0, 116.5, 55.32, 167.6, 67.12, 80.71, 471.09, 426.95, 469.08, 371.68, 447.11, 350.62, 93.01, 77.2, 154.55, 158.62, 216.19, 172.39, 199.46, 209.65, 184.97, 303.61, 201.21, 168.32, 606.04, 600.54, 646.95, 569.34, 524.62, 541.67, 253.86, 314.1, 169.11, 251.29, 278.1, 229.0
998.55, 413.32, 53.94, 357.25, 162.27, 176.78, 670.38, 192.08, 417.02, 457.74, 455.41, 436.61, 412.38, 393.86, 116.5, 0.0, 62.17, 66.61, 138.71, 35.85, 396.7, 352.23, 399.37, 326.11, 356.55, 307.6, 153.47, 160.9, 232.42, 146.86, 201.8, 169.29, 171.35, 170.32, 127.56, 289.07, 132.77, 181.46, 707.96, 692.1, 746.24, 645.7, 623.79, 638.62, 183.33, 227.37, 91.05, 192.75, 166.31, 173.95
945.99, 460.22, 17.26, 395.24, 121.76, 186.0, 622.13, 231.8, 471.21, 500.6, 507.82, 489.86, 452.39, 441.65, 55.32, 62.17, 0.0, 113.46, 95.52, 26.57, 439.6, 395.04, 439.84, 353.07, 407.6, 332.94, 104.55, 104.48, 180.71, 134.24, 193.83, 153.18, 184.78, 190.21, 156.08, 298.61, 168.31, 172.19, 657.08, 647.32, 696.98, 609.41, 574.46, 590.62, 221.71, 275.54, 130.5, 224.5, 227.07, 203.12
1059.21, 430.22, 98.08, 387.83, 167.87, 235.85, 733.65, 227.11, 419.86, 480.03, 461.49, 441.2, 439.3, 409.66, 167.6, 66.61, 113.46, 0.0, 202.41, 93.04, 419.99, 376.65, 425.93, 368.9, 367.32, 352.24, 170.76, 188.28, 246.55, 124.43, 166.71, 146.56, 228.63, 224.01, 178.52, 345.02, 177.34, 246.4, 769.76, 756.8, 809.01, 712.13, 686.47, 701.99, 220.51, 248.23, 137.74, 236.1, 157.5, 220.72
860.34, 459.04, 112.75, 378.63, 186.68, 144.37, 531.74, 231.05, 487.77, 489.69, 518.61, 503.35, 437.32, 443.07, 67.12, 138.71, 95.52, 202.41, 0.0, 109.73, 430.68, 387.68, 426.1, 319.71, 417.88, 298.22, 159.77, 140.93, 214.6, 221.82, 280.62, 237.36, 149.83, 163.99, 152.24, 242.98, 172.03, 106.23, 569.38, 554.42, 607.53, 513.93, 485.08, 500.0, 220.0, 286.57, 151.64, 211.06, 276.52, 189.0
966.72, 438.04, 23.41, 376.15, 139.13, 176.82, 640.61, 211.54, 446.59, 479.89, 483.8, 465.55, 432.66, 419.14, 80.71, 35.85, 26.57, 93.04, 109.73, 0.0, 418.81, 374.21, 419.93, 338.02, 383.96, 318.45, 125.63, 129.0, 203.53, 139.03, 197.59, 159.93, 173.88, 176.83, 138.96, 290.27, 148.92, 170.76, 676.89, 664.1, 715.99, 622.1, 593.46, 608.96, 201.85, 252.62, 109.2, 207.02, 200.59, 186.39
1131.6, 43.86, 442.22, 58.87, 557.5, 290.0, 797.12, 207.85, 129.87, 61.1, 125.18, 125.36, 30.15, 48.08, 471.09, 396.7, 439.6, 419.99, 430.68, 418.81, 0.0, 44.6, 22.14, 141.32, 88.12, 158.4, 543.91, 542.2, 619.92, 539.12, 586.6, 561.94, 282.14, 266.75, 286.25, 243.85, 271.56, 340.59, 851.93, 787.87, 871.34, 686.91, 766.46, 768.19, 218.13, 171.84, 309.63, 220.48, 277.94, 242.84
1107.59, 73.98, 397.62, 38.28, 512.91, 248.52, 771.09, 163.32, 140.19, 105.69, 149.22, 143.06, 63.64, 64.01, 426.95, 352.23, 395.04, 376.65, 387.68, 374.21, 44.6, 0.0, 50.21, 115.31, 77.25, 128.46, 499.32, 497.74, 575.4, 495.06, 543.1, 517.89, 240.07, 224.06, 242.01, 213.0, 227.07, 300.05, 824.88, 764.68, 846.23, 667.8, 738.63, 741.57, 173.67, 128.46, 265.04, 176.92, 238.01, 199.22
1113.49, 64.64, 443.31, 48.0, 558.97, 283.71, 779.85, 208.39, 151.92, 64.01, 145.45, 146.81, 13.45, 70.21, 469.08, 399.37, 439.84, 425.93, 426.1, 419.93, 22.14, 50.21, 0.0, 126.53, 108.23, 145.07, 544.36, 541.44, 619.49, 543.32, 592.15, 566.14, 276.63, 262.23, 284.97, 229.9, 271.54, 333.0, 835.03, 769.6, 853.69, 667.49, 749.94, 751.18, 218.19, 178.04, 310.81, 217.8, 288.18, 240.11
992.67, 183.17, 360.41, 83.01, 474.83, 175.68, 656.87, 143.89, 255.29, 187.76, 262.84, 258.15, 133.41, 178.04, 371.68, 326.11, 353.07, 368.9, 319.71, 338.02, 141.32, 115.31, 126.53, 0.0, 188.0, 21.59, 455.85, 447.73, 525.93, 472.82, 527.5, 495.04, 172.24, 163.27, 199.48, 103.45, 193.77, 218.48, 711.22, 649.53, 731.63, 552.74, 625.46, 627.64, 148.95, 154.43, 235.47, 133.69, 267.44, 152.31
1175.11, 70.43, 406.91, 115.52, 518.68, 289.69, 837.1, 186.96, 73.35, 130.08, 101.04, 85.7, 118.23, 49.65, 447.11, 356.55, 407.6, 367.32, 417.88, 383.96, 88.12, 77.25, 108.23, 188.0, 0.0, 197.5, 509.15, 512.07, 587.48, 490.66, 532.9, 513.23, 279.12, 260.75, 266.0, 278.0, 247.29, 343.11, 889.6, 833.5, 913.03, 739.97, 802.64, 806.99, 197.99, 133.02, 278.46, 211.03, 214.08, 231.46
979.41, 199.02, 340.65, 99.54, 454.67, 154.31, 642.65, 129.87, 266.99, 207.33, 277.41, 271.4, 152.78, 192.21, 350.62, 307.6, 332.94, 352.24, 298.22, 318.45, 158.4, 128.46, 145.07, 21.59, 197.5, 0.0, 435.34, 426.83, 504.97, 454.07, 509.28, 476.16, 151.16, 142.84, 180.42, 85.49, 175.93, 196.9, 696.44, 636.88, 717.88, 542.54, 610.28, 613.11, 133.76, 148.0, 217.41, 116.21, 257.51, 133.66
935.2, 563.66, 102.39, 499.77, 29.27, 284.61, 628.17, 336.2, 570.47, 604.95, 608.55, 589.93, 556.92, 544.77, 93.01, 153.47, 104.55, 170.76, 159.77, 125.63, 543.91, 499.32, 544.36, 455.85, 509.15, 435.34, 0.0, 29.83, 79.03, 92.57, 139.17, 96.32, 285.18, 292.58, 260.45, 394.25, 272.83, 260.46, 654.91, 661.87, 698.93, 643.2, 578.47, 597.98, 326.2, 378.22, 234.39, 328.82, 316.7, 307.25
905.94, 564.03, 107.23, 495.9, 58.08, 273.91, 598.34, 334.46, 575.5, 603.01, 612.3, 594.28, 553.72, 545.69, 77.2, 160.9, 104.48, 188.28, 140.93, 129.0, 542.2, 497.74, 541.44, 447.73, 512.07, 426.83, 29.83, 0.0, 78.39, 121.85, 168.86, 126.15, 275.75, 284.92, 256.47, 380.75, 270.68, 245.07, 625.19, 632.12, 669.14, 614.43, 548.64, 568.15, 324.08, 379.86, 234.44, 324.23, 326.85, 302.2
906.99, 640.93, 180.6, 574.13, 79.71, 351.64, 616.1, 412.08, 649.33, 680.82, 687.15, 668.67, 631.84, 622.31, 154.55, 232.42, 180.71, 246.55, 214.6, 203.53, 619.92, 575.4, 619.49, 525.93, 587.48, 504.97, 79.03, 78.39, 0.0, 144.78, 167.05, 135.88, 353.83, 363.26, 334.6, 456.86, 348.36, 320.41, 636.22, 655.64, 682.63, 651.96, 565.86, 587.49, 401.81, 455.99, 311.21, 402.5, 395.46, 380.52
1027.74, 552.05, 120.44, 502.57, 70.29, 315.85, 718.84, 337.94, 544.27, 599.79, 585.72, 565.53, 556.52, 531.79, 158.62, 146.86, 134.24, 124.43, 221.82, 139.03, 539.12, 495.06, 543.32, 472.82, 490.66, 454.07, 92.57, 121.85, 144.78, 0.0, 59.62, 22.83, 312.67, 314.49, 273.67, 429.3, 279.64, 306.35, 746.74, 750.93, 790.32, 726.43, 669.36, 688.35, 329.61, 367.61, 237.89, 339.61, 281.9, 320.54
1068.93, 596.71, 179.79, 553.0, 111.2, 374.15, 766.63, 389.74, 582.22, 646.72, 625.0, 604.2, 605.48, 576.06, 216.19, 201.8, 193.83, 166.71, 280.62, 197.59, 586.6, 543.1, 592.15, 527.5, 532.9, 509.28, 139.17, 168.86, 167.05, 59.62, 0.0, 44.1, 370.48, 371.38, 329.36, 487.59, 333.76, 365.87, 791.93, 800.97, 836.63, 781.0, 716.78, 736.64, 382.03, 414.78, 292.04, 393.86, 320.15, 375.62
1029.59, 574.79, 140.35, 525.33, 69.64, 336.62, 724.47, 360.63, 566.41, 622.61, 608.03, 587.77, 579.33, 554.51, 172.39, 169.29, 153.18, 146.56, 237.36, 159.93, 561.94, 517.89, 566.14, 495.04, 513.23, 476.16, 96.32, 126.15, 135.88, 22.83, 44.1, 0.0, 333.79, 336.09, 295.74, 450.0, 302.05, 325.3, 750.78, 758.06, 795.04, 737.02, 674.74, 694.29, 352.24, 390.43, 260.34, 361.96, 303.9, 342.73
928.09, 312.85, 194.52, 228.97, 305.79, 12.81, 589.29, 97.42, 351.65, 340.41, 377.79, 364.59, 287.66, 298.3, 199.46, 171.35, 184.78, 228.63, 149.83, 173.88, 282.14, 240.07, 276.63, 172.24, 279.12, 151.16, 285.18, 275.75, 353.83, 312.67, 370.48, 333.79, 0.0, 19.42, 55.08, 117.72, 69.26, 64.85, 636.5, 597.55, 666.74, 527.18, 548.86, 557.75, 87.66, 156.92, 94.53, 68.35, 201.44, 50.48
947.0, 296.24, 198.49, 214.95, 311.89, 31.89, 608.08, 78.03, 333.05, 325.72, 359.87, 346.34, 273.61, 281.2, 209.65, 170.32, 190.21, 224.01, 163.99, 176.83, 266.75, 224.06, 262.23, 163.27, 260.75, 142.84, 292.58, 284.92, 363.26, 314.49, 371.38, 336.09, 19.42, 0.0, 45.88, 121.15, 55.23, 84.12, 655.53, 615.76, 685.51, 543.91, 567.88, 576.58, 68.24, 137.56, 86.98, 49.73, 185.16, 31.06
971.44, 310.65, 161.76, 239.59, 277.22, 65.92, 633.86, 80.1, 335.54, 346.83, 366.92, 351.28, 297.25, 293.55, 184.97, 127.56, 156.08, 178.52, 152.24, 138.96, 286.25, 242.01, 284.97, 199.48, 266.0, 180.42, 260.45, 256.47, 334.6, 273.67, 329.36, 295.74, 55.08, 45.88, 0.0, 166.97, 21.1, 103.81, 679.11, 645.02, 711.29, 578.85, 591.8, 602.1, 69.18, 134.35, 41.11, 68.43, 151.27, 47.43
897.12, 284.43, 309.87, 185.01, 417.19, 113.46, 559.3, 156.18, 349.43, 291.05, 362.22, 355.29, 236.81, 276.99, 303.61, 289.07, 298.61, 345.02, 242.98, 290.27, 243.85, 213.0, 229.9, 103.45, 278.0, 85.49, 394.25, 380.75, 456.86, 429.3, 487.59, 450.0, 117.72, 121.15, 166.97, 0.0, 172.79, 136.75, 612.39, 555.85, 635.07, 466.64, 525.86, 529.4, 153.73, 198.93, 208.08, 127.19, 288.09, 131.86
991.48, 294.16, 172.19, 227.27, 288.02, 81.34, 653.6, 63.79, 316.08, 332.47, 348.32, 332.27, 284.11, 276.52, 201.21, 132.77, 168.31, 177.34, 172.03, 148.92, 271.56, 227.07, 271.54, 193.77, 247.29, 175.93, 272.83, 270.68, 348.36, 279.64, 333.76, 302.05, 69.26, 55.23, 21.1, 172.79, 0.0, 123.56, 699.25, 664.01, 731.06, 596.02, 611.86, 621.88, 53.45, 114.86, 41.77, 60.11, 132.83, 43.42
867.94, 373.64, 186.21, 285.0, 285.03, 53.49, 530.09, 162.11, 415.91, 397.01, 440.94, 428.34, 343.15, 360.1, 168.32, 181.46, 172.19, 246.4, 106.23, 170.76, 340.59, 300.05, 333.0, 218.48, 343.11, 196.9, 260.46, 245.07, 320.41, 306.35, 365.87, 325.3, 64.85, 84.12, 103.81, 136.75, 123.56, 0.0, 575.76, 541.46, 607.54, 478.54, 488.33, 498.36, 152.12, 221.65, 132.03, 133.02, 254.89, 115.1
292.51, 894.36, 673.55, 794.19, 681.26, 623.75, 59.03, 731.24, 961.67, 890.11, 973.78, 967.6, 839.1, 888.63, 606.04, 707.96, 657.08, 769.76, 569.38, 676.89, 851.93, 824.88, 835.03, 711.22, 889.6, 696.44, 654.91, 625.19, 636.22, 746.74, 791.93, 750.78, 636.5, 655.53, 679.11, 612.39, 699.25, 575.76, 0.0, 105.0, 49.82, 225.08, 87.69, 84.08, 722.68, 788.91, 700.95, 698.83, 828.7, 685.9
344.0, 831.19, 664.4, 731.68, 689.88, 584.77, 60.11, 687.97, 903.87, 821.24, 911.9, 907.67, 772.35, 827.51, 600.54, 692.1, 647.32, 756.8, 554.42, 664.1, 787.87, 764.68, 769.6, 649.53, 833.5, 636.88, 661.87, 632.12, 655.64, 750.93, 800.97, 758.06, 597.55, 615.76, 645.02, 555.85, 664.01, 541.46, 105.0, 0.0, 92.57, 124.4, 100.09, 74.33, 680.44, 743.26, 671.77, 655.01, 796.27, 644.81
262.45, 914.29, 713.66, 814.33, 725.69, 653.94, 77.47, 760.01, 984.37, 906.95, 994.46, 989.26, 857.06, 909.6, 646.95, 746.24, 696.98, 809.01, 607.53, 715.99, 871.34, 846.23, 853.69, 731.63, 913.03, 717.88, 698.93, 669.14, 682.63, 790.32, 836.63, 795.04, 666.74, 685.51, 711.29, 635.07, 731.06, 607.54, 49.82, 92.57, 0.0, 216.69, 122.54, 109.2, 751.85, 816.82, 734.94, 727.3, 861.8, 715.44
455.72, 730.69, 626.66, 632.87, 672.3, 514.78, 169.25, 610.38, 807.96, 715.44, 811.97, 809.64, 668.95, 729.03, 569.34, 645.7, 609.41, 712.13, 513.93, 622.1, 686.91, 667.8, 667.49, 552.74, 739.97, 542.54, 643.2, 614.43, 651.96, 726.43, 781.0, 737.02, 527.18, 543.91, 578.85, 466.64, 596.02, 478.54, 225.08, 124.4, 216.69, 0.0, 181.14, 160.63, 604.15, 661.97, 610.52, 577.53, 728.63, 570.67
379.64, 808.63, 591.16, 708.47, 605.64, 536.11, 50.25, 643.54, 874.88, 805.9, 887.69, 881.15, 754.36, 802.48, 524.62, 623.79, 574.46, 686.47, 485.08, 593.46, 766.46, 738.63, 749.94, 625.46, 802.64, 610.28, 578.47, 548.64, 565.86, 669.36, 716.78, 674.74, 548.86, 567.88, 591.8, 525.86, 611.86, 488.33, 87.69, 100.09, 122.54, 181.14, 0.0, 25.94, 634.99, 701.23, 614.2, 611.14, 741.68, 598.22
370.59, 810.73, 607.46, 710.59, 625.45, 544.96, 31.91, 651.41, 878.81, 806.08, 890.34, 884.41, 755.16, 805.24, 541.67, 638.62, 590.62, 701.99, 500.0, 608.96, 768.19, 741.57, 751.18, 627.64, 806.99, 613.11, 597.98, 568.15, 587.49, 688.35, 736.64, 694.29, 557.75, 576.58, 602.1, 529.4, 621.88, 498.36, 84.08, 74.33, 109.2, 160.63, 25.94, 0.0, 643.13, 708.52, 625.82, 618.79, 752.61, 606.62
1013.7, 241.51, 225.2, 174.43, 340.98, 100.0, 674.5, 11.05, 268.78, 279.02, 298.61, 283.59, 230.85, 224.38, 253.86, 183.33, 221.71, 220.51, 220.0, 201.85, 218.13, 173.67, 218.19, 148.95, 197.99, 133.76, 326.2, 324.08, 401.81, 329.61, 382.03, 352.24, 87.66, 68.24, 69.18, 153.73, 53.45, 152.12, 722.68, 680.44, 751.85, 604.15, 634.99, 643.13, 0.0, 69.78, 93.06, 27.2, 134.37, 37.2
1079.06, 185.95, 275.83, 143.4, 389.45, 168.96, 739.66, 59.54, 201.25, 232.24, 234.0, 217.52, 191.47, 166.64, 314.1, 227.37, 275.54, 248.23, 286.57, 252.62, 171.84, 128.46, 178.04, 154.43, 133.02, 148.0, 378.22, 379.86, 455.99, 367.61, 414.78, 390.43, 156.92, 137.56, 134.35, 198.93, 114.86, 221.65, 788.91, 743.26, 816.82, 661.97, 701.23, 708.52, 69.78, 0.0, 145.67, 90.43, 116.73, 106.55
993.46, 329.73, 132.61, 267.48, 248.17, 104.02, 657.69, 102.46, 344.37, 370.71, 379.22, 362.0, 323.6, 311.26, 169.11, 91.05, 130.5, 137.74, 151.64, 109.2, 309.63, 265.04, 310.81, 235.47, 278.46, 217.41, 234.39, 234.44, 311.21, 237.89, 292.04, 260.34, 94.53, 86.98, 41.11, 208.08, 41.77, 132.03, 700.95, 671.77, 734.94, 610.52, 614.2, 625.82, 93.06, 145.67, 0.0, 101.86, 128.7, 84.02
989.38, 248.0, 229.98, 171.71, 345.58, 79.62, 650.03, 33.02, 283.37, 280.45, 310.28, 296.62, 229.8, 232.36, 251.29, 192.75, 224.5, 236.1, 211.06, 207.02, 220.48, 176.92, 217.8, 133.69, 211.03, 116.21, 328.82, 324.23, 402.5, 339.61, 393.86, 361.96, 68.35, 49.73, 68.43, 127.19, 60.11, 133.02, 698.83, 655.01, 727.3, 577.53, 611.14, 618.79, 27.2, 90.43, 101.86, 0.0, 161.01, 22.36
1121.19, 280.75, 220.24, 258.5, 320.1, 213.86, 784.42, 133.0, 262.64, 335.07, 304.92, 284.29, 301.56, 259.62, 278.1, 166.31, 227.07, 157.5, 276.52, 200.59, 277.94, 238.01, 288.18, 267.44, 214.08, 257.51, 316.7, 326.85, 395.46, 281.9, 320.15, 303.9, 201.44, 185.16, 151.27, 288.09, 132.83, 254.89, 828.7, 796.27, 861.8, 728.63, 741.68, 752.61, 134.37, 116.73, 128.7, 161.01, 0.0, 161.05
977.13, 270.05, 209.15, 193.88, 324.49, 62.8, 638.04, 47.01, 303.3, 302.8, 331.27, 317.16, 252.07, 254.16, 229.0, 173.95, 203.12, 220.72, 189.0, 186.39, 242.84, 199.22, 240.11, 152.31, 231.46, 133.66, 307.25, 302.2, 380.52, 320.54, 375.62, 342.73, 50.48, 31.06, 47.43, 131.86, 43.42, 115.1, 685.9, 644.81, 715.44, 570.67, 598.22, 606.62, 37.2, 106.55, 84.02, 22.36, 161.05, 0.0
% DistancesWithCharging 
0.0, 1174.82, 962.12, 1075.1, 960.02, 915.31, 339.41, 1022.0, 1335.92, 1225.58, 1336.6599999999999, 1333.0100000000002, 1175.02, 1191.98, 963.1999999999999, 1052.49, 963.25, 1157.29, 973.09, 990.13, 1175.4599999999998, 1145.87, 1161.49, 1075.68, 1245.54, 1078.95, 964.47, 964.0200000000001, 986.7, 1098.03, 1180.13, 1099.23, 940.9, 978.89, 1037.3600000000001, 1010.58, 1055.27, 921.4300000000001, 351.53999999999996, 404.11, 339.91999999999996, 624.97, 429.89, 402.5, 1024.75, 1138.6, 1095.92, 1022.4, 1254.19, 1024.14
1174.82, 0.0, 461.35, 100.17, 575.38, 321.7, 839.83, 230.71, 179.48, 120.74, 162.64, 164.74, 126.31, 42.52, 564.81, 467.26, 477.48, 528.3000000000001, 571.79, 461.45000000000005, 87.72, 112.26, 112.64, 266.18, 140.86, 298.56, 592.93, 622.11, 720.64, 622.3399999999999, 707.9100000000001, 644.43, 325.66, 328.13, 376.57, 397.89, 357.95000000000005, 427.13, 953.39, 891.3000000000001, 991.76, 899.94, 858.88, 842.64, 252.56, 245.48999999999998, 432.19, 281.02, 413.75, 317.06
962.12, 461.35, 0.0, 399.45, 115.83, 196.66, 638.94, 234.92, 558.77, 563.67, 587.89, 570.54, 514.72, 463.65999999999997, 139.06, 107.88, 34.52, 196.16, 225.5, 46.82, 486.08000000000004, 435.9, 491.31, 443.42, 477.34000000000003, 440.19, 131.66, 165.31, 260.31, 190.73000000000002, 290.99, 209.99, 207.33, 230.38, 227.68, 423.33, 235.98, 239.70000000000002, 732.5799999999999, 724.51, 791.13, 795.91, 641.41, 639.37, 236.25, 335.37, 235.07, 263.0, 353.24, 256.16
1075.1, 100.17, 399.45, 0.0, 515.28, 235.85, 739.74, 165.22, 265.95, 172.37, 261.56, 259.15, 117.38, 117.44000000000001, 492.33000000000004, 411.19, 412.5, 485.90999999999997, 491.38, 399.56, 102.72999999999999, 76.56, 96.0, 166.02, 185.95, 199.08, 529.04, 553.98, 653.84, 572.86, 664.2, 594.97, 241.78, 246.83999999999997, 305.51, 298.46999999999997, 291.06, 338.49, 853.22, 791.79, 891.8000000000001, 802.12, 758.72, 742.5, 185.48000000000002, 202.94, 369.94, 204.73000000000002, 391.5, 240.89
960.02, 575.38, 115.83, 515.28, 0.0, 306.11, 655.47, 350.6, 667.59, 678.96, 698.3900000000001, 680.29, 630.4300000000001, 577.3, 189.1, 216.21, 139.02, 265.95, 299.43, 162.54, 601.36, 551.1899999999999, 606.97, 557.84, 589.1099999999999, 554.21, 58.54, 116.16, 159.42, 140.58, 222.4, 139.28, 318.6, 343.78, 343.14000000000004, 530.65, 351.81, 338.52, 740.29, 749.99, 803.1600000000001, 841.55, 655.89, 657.36, 352.03000000000003, 448.99, 350.63, 378.59999999999997, 453.1, 371.5
915.31, 321.7, 196.66, 235.85, 306.11, 0.0, 576.49, 109.55, 452.18, 408.0, 469.15, 457.37, 353.12, 328.87, 266.62, 230.72, 203.26, 333.93, 257.12, 200.23, 333.86, 286.8, 331.71, 258.69, 360.12, 253.85000000000002, 313.88, 331.99, 431.34999999999997, 386.14000000000004, 485.34999999999997, 406.26, 25.62, 63.78, 131.84, 226.92, 145.13, 106.98, 682.78, 644.88, 731.4100000000001, 684.03, 586.36, 576.87, 111.05, 228.5, 206.48, 112.64000000000001, 346.86, 109.81
339.41, 839.83, 638.94, 739.74, 655.47, 576.49, 0.0, 682.71, 998.46, 894.51, 1000.99, 996.41, 842.29, 855.92, 642.4599999999999, 724.3199999999999, 639.39, 831.73, 644.49, 664.02, 840.98, 809.37, 827.85, 739.88, 907.53, 742.1899999999999, 657.4399999999999, 656.4200000000001, 695.8100000000001, 789.13, 877.83, 794.11, 602.0999999999999, 639.97, 699.78, 672.76, 717.39, 583.58, 118.06, 120.22, 154.94, 338.5, 100.5, 63.82, 685.55, 799.1999999999999, 760.1500000000001, 683.05, 917.42, 685.05
1022.0, 230.71, 234.92, 165.22, 350.6, 109.55, 682.71, 0.0, 347.58, 329.18, 368.89, 354.94, 279.83, 234.72, 334.13, 246.02, 249.06, 325.19, 343.8, 234.95, 251.70999999999998, 201.6, 256.39, 226.89999999999998, 257.39, 229.41000000000003, 365.46999999999997, 392.53999999999996, 491.78999999999996, 408.23, 500.94, 430.27, 110.23, 109.92, 146.01999999999998, 269.64, 127.58, 215.60000000000002, 790.27, 748.08, 837.48, 779.63, 693.79, 683.3199999999999, 22.1, 119.08, 204.92, 66.04, 266.0, 94.02
1246.18, 89.74, 469.03, 176.21, 577.85, 362.44, 908.72, 257.84, 89.74, 201.46, 126.77, 105.80000000000001, 215.54, 103.56, 583.0, 470.96, 488.46999999999997, 517.94, 600.52, 470.0, 173.73000000000002, 178.47, 199.92, 338.3, 143.78, 366.53000000000003, 599.74, 633.58, 729.0400000000001, 614.56, 693.4200000000001, 636.05, 364.46, 364.94, 401.46000000000004, 462.89, 379.87, 469.40000000000003, 1020.6999999999999, 963.98, 1061.84, 977.21, 925.13, 910.7199999999999, 279.83, 260.79, 446.83, 316.39, 395.64, 350.31
1165.21, 60.37, 503.3, 112.0, 618.59, 347.63, 834.14, 268.81, 230.82999999999998, 60.37, 197.26999999999998, 209.04000000000002, 113.28, 101.71000000000001, 601.02, 511.68, 517.86, 578.11, 602.44, 503.3, 104.96000000000001, 143.97, 112.01, 270.77, 200.51000000000002, 306.87, 634.22, 661.09, 760.5300000000001, 670.0799999999999, 757.9200000000001, 692.25, 353.22, 357.61, 412.75, 404.51, 396.26000000000005, 450.5, 949.14, 881.35, 984.4200000000001, 884.69, 856.15, 837.99, 290.07, 291.78000000000003, 473.16999999999996, 313.46999999999997, 468.07, 349.81
1255.34, 81.32, 506.57, 180.24, 617.07, 387.83, 919.67, 287.57, 135.19, 176.32, 81.32, 104.39, 205.17, 106.49000000000001, 617.5699999999999, 509.35, 525.08, 559.57, 631.36, 507.21000000000004, 169.04000000000002, 187.5, 193.45, 345.84999999999997, 171.47000000000003, 376.95000000000005, 637.8199999999999, 670.38, 766.86, 656.01, 736.2, 677.67, 390.6, 391.76, 432.84000000000003, 475.68, 412.11, 494.43, 1032.81, 972.01, 1071.93, 981.22, 937.94, 922.25, 309.66, 293.54, 481.68, 343.29999999999995, 437.92, 378.28
1250.64, 82.37, 488.17, 176.78, 597.92, 375.0, 914.04, 272.57, 113.16999999999999, 187.04, 103.33999999999999, 82.37, 208.51, 101.88000000000001, 600.5799999999999, 490.55, 507.12, 539.28, 616.1, 488.96000000000004, 169.22, 181.34, 194.81, 341.15999999999997, 156.13, 370.94, 619.1999999999999, 652.36, 748.38, 635.8199999999999, 715.4000000000001, 657.41, 377.4, 378.22999999999996, 417.2, 468.75, 396.06, 481.83, 1026.63, 967.78, 1066.73, 978.89, 931.4, 916.3199999999999, 294.64, 277.06, 464.46, 329.64, 417.29, 364.17
1116.33, 67.62, 456.03, 58.69, 571.74, 294.43, 783.6, 221.14, 246.58999999999997, 114.96000000000001, 227.79999999999998, 232.19, 58.69, 98.05000000000001, 550.6, 466.32, 469.65, 537.38, 550.0699999999999, 456.07000000000005, 74.00999999999999, 101.92, 61.45, 216.42000000000002, 188.66000000000003, 252.32, 586.1899999999999, 611.8000000000001, 711.5500000000001, 626.81, 716.6800000000001, 648.97, 300.47, 305.5, 363.17, 350.27, 347.90000000000003, 396.64, 898.13, 832.46, 934.53, 838.2, 804.61, 787.0699999999999, 241.9, 251.01, 426.06, 262.82, 434.56, 299.08
1170.72, 21.26, 442.4, 96.18, 556.04, 307.61, 834.66, 213.46, 172.04, 140.82, 166.55, 162.99, 135.48000000000002, 21.26, 547.26, 447.8, 458.90999999999997, 507.74, 555.8199999999999, 442.55, 91.94, 102.29, 118.21, 261.05, 120.08000000000001, 291.75, 574.04, 603.7700000000001, 702.02, 602.0799999999999, 687.26, 624.15, 311.11, 313.09, 359.47, 390.45, 340.31, 413.59000000000003, 947.66, 887.62, 987.07, 898.28, 852.73, 837.15, 235.43, 226.17999999999998, 413.71999999999997, 265.38, 392.62, 301.17
893.67, 495.28, 69.53, 422.8, 119.57, 197.09, 572.93, 264.6, 603.21, 591.86, 629.3599999999999, 613.42, 539.76, 498.99, 69.53, 170.44, 72.58, 265.68, 179.87, 104.11999999999999, 514.9499999999999, 465.23, 517.0799999999999, 454.69, 517.54, 450.16, 122.28, 135.28, 234.26, 228.91000000000003, 327.39, 242.02999999999997, 212.27, 241.54000000000002, 250.89, 417.07, 265.0, 221.81, 665.0699999999999, 660.65, 724.4200000000001, 738.59, 574.87, 573.5799999999999, 264.91, 373.64000000000004, 271.57, 284.31, 411.1, 276.01
998.55, 413.32, 53.94, 357.25, 162.27, 176.78, 670.38, 192.08, 506.76, 518.11, 536.73, 518.98, 471.07, 415.12, 186.03, 53.94, 79.43, 164.69, 251.46, 59.260000000000005, 440.56, 390.51, 447.37, 409.12, 426.98, 407.14000000000004, 182.74, 218.98000000000002, 312.13, 217.15000000000003, 313.0, 238.93, 184.16, 202.20999999999998, 193.48000000000002, 402.53, 196.56, 234.95000000000002, 766.99, 752.21, 823.71, 814.95, 674.04, 670.53, 194.38000000000002, 286.91, 193.51, 225.77, 299.31, 220.95999999999998
945.99, 460.22, 17.26, 395.24, 121.76, 186.0, 622.13, 231.8, 560.9499999999999, 560.97, 589.14, 572.23, 511.08, 462.90999999999997, 124.85, 116.11, 17.26, 211.54, 208.26999999999998, 49.980000000000004, 483.46000000000004, 433.32000000000005, 487.84, 436.08, 478.03000000000003, 432.48, 133.82, 162.56, 260.42, 204.53000000000003, 305.03000000000003, 222.82, 197.59, 222.10000000000002, 222.0, 412.07, 232.1, 225.68, 716.11, 707.4300000000001, 774.45, 778.66, 624.71, 622.53, 232.76000000000002, 335.08000000000004, 232.95999999999998, 257.52, 360.07, 250.13
1059.21, 430.22, 98.08, 387.83, 167.87, 235.85, 733.65, 227.11, 509.6, 540.4, 542.81, 523.5699999999999, 497.99, 430.92, 237.13, 120.55, 130.72, 98.08, 315.15999999999997, 116.45, 463.85, 414.92999999999995, 473.93, 451.90999999999997, 437.75, 451.78000000000003, 200.03, 246.36, 326.26, 194.72000000000003, 277.91, 216.2, 241.44, 255.89999999999998, 244.44, 458.47999999999996, 241.13, 299.89, 828.79, 816.91, 886.48, 881.38, 736.72, 733.9, 231.56, 307.77, 240.2, 269.12, 290.5, 267.73
860.34, 459.04, 112.75, 378.63, 186.68, 144.37, 531.74, 231.05, 577.51, 550.06, 599.9300000000001, 585.72, 496.01, 464.33, 136.65, 192.65, 112.78, 300.49, 112.75, 133.14000000000001, 474.54, 425.96000000000004, 474.1, 402.71999999999997, 488.31, 397.76000000000005, 189.04000000000002, 199.01, 294.31, 292.11, 391.82, 307.0, 162.64000000000001, 195.88, 218.16000000000003, 356.44, 235.82, 159.72, 628.41, 614.53, 685.0, 683.18, 535.3299999999999, 531.91, 231.05, 346.11, 254.09999999999997, 244.08, 409.52, 236.01
966.72, 438.04, 23.41, 376.15, 139.13, 176.82, 640.61, 211.54, 536.3299999999999, 540.26, 565.12, 547.9200000000001, 491.35, 440.4, 150.24, 89.78999999999999, 43.83, 191.12, 222.48000000000002, 23.41, 462.67, 412.49, 467.93, 421.03, 454.39, 417.99, 154.9, 187.07999999999998, 283.24, 209.32, 308.79, 229.57, 186.69, 208.72000000000003, 204.88, 403.72999999999996, 212.70999999999998, 224.25, 735.92, 724.21, 793.46, 791.35, 643.71, 640.87, 212.9, 312.16, 211.66, 240.04000000000002, 333.59000000000003, 233.39999999999998
1131.6, 43.86, 442.22, 58.87, 557.5, 290.0, 797.12, 207.85, 219.61, 121.47, 206.5, 207.73000000000002, 88.84, 69.34, 540.62, 450.64, 456.86, 518.07, 543.4300000000001, 442.22, 43.86, 82.88, 70.14, 224.32999999999998, 158.55, 257.94, 573.18, 600.2800000000001, 699.63, 609.41, 697.8000000000001, 631.58, 294.95, 298.64, 352.17, 357.31, 335.35, 394.08, 910.9599999999999, 847.98, 948.8100000000001, 856.16, 816.71, 800.1, 229.18, 231.38, 412.09, 253.5, 410.94, 289.85
1107.59, 73.98, 397.62, 38.28, 512.91, 248.52, 771.09, 163.32, 229.93, 166.06, 230.54, 225.43, 122.33, 85.27000000000001, 496.48, 406.17, 412.3, 474.72999999999996, 500.43, 397.62, 88.46000000000001, 38.28, 98.21000000000001, 198.32, 147.68, 228.0, 528.59, 555.82, 655.11, 565.35, 654.3000000000001, 587.53, 252.88, 255.95, 307.93, 326.46, 290.86, 353.54, 883.91, 824.79, 923.7, 837.05, 788.88, 773.48, 184.72, 188.0, 367.5, 209.94, 371.01, 246.23
1113.49, 64.64, 443.31, 48.0, 558.97, 283.71, 779.85, 208.39, 241.65999999999997, 124.38, 226.76999999999998, 229.18, 72.14, 91.47, 538.61, 453.31, 457.09999999999997, 524.01, 538.85, 443.34000000000003, 66.0, 88.49000000000001, 48.0, 209.54000000000002, 178.66000000000003, 244.61, 573.63, 599.5200000000001, 699.2, 613.61, 703.35, 635.78, 289.44, 294.12, 350.89000000000004, 343.36, 335.33000000000004, 386.49, 894.06, 829.71, 931.1600000000001, 836.74, 800.19, 783.0899999999999, 229.24, 237.57999999999998, 413.27, 250.82000000000002, 421.18, 287.12
992.67, 183.17, 360.41, 83.01, 474.83, 175.68, 656.87, 143.89, 345.03, 248.13, 344.15999999999997, 340.52, 192.1, 199.29999999999998, 441.21000000000004, 380.05, 370.33, 466.97999999999996, 432.46, 361.43, 185.18, 153.59, 174.53, 83.01, 258.43, 121.13000000000001, 485.12, 505.81, 605.64, 543.11, 638.7, 564.6800000000001, 185.05, 195.16000000000003, 265.4, 216.91, 257.56, 271.96999999999997, 770.25, 709.64, 809.1, 721.99, 675.71, 659.55, 160.0, 213.97, 337.93, 166.71, 400.44, 199.32
1175.11, 70.43, 406.91, 115.52, 518.68, 289.69, 837.1, 186.96, 163.08999999999997, 190.45000000000002, 182.36, 168.07, 176.92000000000002, 70.91, 516.64, 410.49, 424.86, 465.4, 530.63, 407.37, 131.98000000000002, 115.53, 156.23000000000002, 271.01, 70.43, 297.04, 538.42, 570.1500000000001, 667.19, 560.95, 644.1, 582.87, 291.93, 292.64, 331.92, 391.46, 311.08, 396.6, 948.63, 893.61, 990.5, 909.22, 852.89, 838.9, 209.04000000000002, 192.56, 380.91999999999996, 244.05, 347.08000000000004, 278.47
979.41, 199.02, 340.65, 99.54, 454.67, 154.31, 642.65, 129.87, 356.73, 267.7, 358.73, 353.77, 211.47, 213.47, 420.15, 361.54, 350.2, 450.32, 410.97, 341.86, 202.26, 166.74, 193.07, 104.60000000000001, 267.93, 99.54, 464.60999999999996, 484.90999999999997, 584.6800000000001, 524.36, 620.48, 545.8000000000001, 163.97, 174.73000000000002, 246.33999999999997, 198.95, 239.72, 250.39000000000001, 755.47, 696.99, 795.35, 711.79, 660.53, 645.02, 144.81, 207.54, 319.87, 149.23, 390.51, 180.67
935.2, 563.66, 102.39, 499.77, 29.27, 284.61, 628.17, 336.2, 660.21, 665.32, 689.8699999999999, 672.3, 615.6099999999999, 566.03, 162.54000000000002, 207.41, 121.81, 268.84, 272.52, 149.04, 587.77, 537.6, 592.36, 538.86, 579.5799999999999, 534.88, 29.27, 87.91, 158.74, 162.86, 250.37, 165.95999999999998, 297.99, 324.46999999999997, 326.37, 507.71, 336.62, 313.95, 713.9399999999999, 721.98, 776.4, 812.45, 628.72, 629.89, 337.25, 437.76000000000005, 336.84999999999997, 361.84, 449.7, 354.26
905.94, 564.03, 107.23, 495.9, 58.08, 273.91, 598.34, 334.46, 665.24, 663.38, 693.6199999999999, 676.65, 612.4100000000001, 566.95, 146.73000000000002, 214.84, 121.74000000000001, 286.36, 253.68, 152.41, 586.0600000000001, 536.02, 589.44, 530.74, 582.5, 526.37, 59.099999999999994, 58.08, 158.1, 192.14, 280.06, 195.79000000000002, 288.56, 316.81, 322.39000000000004, 494.21, 334.47, 298.56, 684.22, 692.23, 746.61, 783.68, 598.89, 600.06, 335.13, 439.40000000000003, 336.9, 357.25, 459.85, 349.21
906.99, 640.93, 180.6, 574.13, 79.71, 351.64, 616.1, 412.08, 739.07, 741.19, 768.47, 751.04, 690.53, 643.5699999999999, 224.08, 286.36, 197.97, 344.63, 327.35, 226.94, 663.78, 613.68, 667.49, 608.9399999999999, 657.9100000000001, 604.51, 108.3, 136.47, 79.71, 215.07, 278.25, 205.51999999999998, 366.64, 395.15, 400.52000000000004, 570.32, 412.15000000000003, 373.90000000000003, 695.25, 715.75, 760.1, 821.21, 616.11, 619.4, 412.86, 515.53, 413.66999999999996, 435.52, 528.46, 427.53
1027.74, 552.05, 120.44, 502.57, 70.29, 315.85, 718.84, 337.94, 634.01, 660.16, 667.04, 647.9, 615.21, 553.05, 228.15, 200.8, 151.5, 222.51, 334.57, 162.44, 582.98, 533.34, 591.32, 555.83, 561.09, 553.61, 121.83999999999999, 179.93, 224.49, 70.29, 170.82, 92.47, 325.48, 346.38, 339.59000000000003, 542.76, 343.43, 359.84000000000003, 805.77, 811.04, 867.7900000000001, 895.68, 719.61, 720.26, 340.66, 427.15000000000003, 340.34999999999997, 372.63, 414.9, 367.55
1068.93, 596.71, 179.79, 553.0, 111.2, 374.15, 766.63, 389.74, 671.96, 707.09, 706.3199999999999, 686.57, 664.1700000000001, 597.3199999999999, 285.72, 255.74, 211.09, 264.79, 393.37, 221.0, 630.46, 581.38, 640.15, 610.51, 603.3299999999999, 608.8199999999999, 168.44, 226.94, 246.76, 129.91, 111.2, 113.74000000000001, 383.29, 403.27, 395.28000000000003, 601.05, 397.55, 419.36, 850.9599999999999, 861.08, 914.1, 950.25, 767.03, 768.55, 393.08, 474.32, 394.5, 426.88, 453.15, 422.63
1029.59, 574.79, 140.35, 525.33, 69.64, 336.62, 724.47, 360.63, 656.15, 682.98, 689.3499999999999, 670.14, 638.02, 575.77, 241.92, 223.23, 170.44, 244.64, 350.11, 183.34, 605.8000000000001, 556.17, 614.14, 578.0500000000001, 583.6600000000001, 575.7, 125.58999999999999, 184.23000000000002, 215.58999999999997, 93.12, 155.3, 69.64, 346.6, 367.97999999999996, 361.66, 563.46, 365.84000000000003, 378.79, 809.81, 818.17, 872.51, 906.27, 724.99, 726.1999999999999, 363.29, 449.97, 362.79999999999995, 394.97999999999996, 436.9, 389.74
928.09, 312.85, 194.52, 228.97, 305.79, 12.81, 589.29, 97.42, 441.39, 400.78000000000003, 459.11, 446.96, 346.35, 319.56, 268.99, 225.29, 202.04, 326.71, 262.58000000000004, 197.29, 326.0, 278.35, 324.63, 255.25, 349.55, 250.7, 314.45, 333.83, 433.53999999999996, 382.96000000000004, 481.68, 403.43, 12.81, 51.31, 121.0, 231.18, 133.05, 118.34, 695.53, 657.66, 744.21, 696.43, 599.11, 589.66, 98.71, 216.45999999999998, 196.99, 101.37, 334.44, 97.49
947.0, 296.24, 198.49, 214.95, 311.89, 31.89, 608.08, 78.03, 422.79, 386.09000000000003, 441.19, 428.71, 332.3, 302.46, 279.18, 224.26, 207.47, 322.09, 276.74, 200.24, 310.61, 262.34000000000003, 310.23, 246.28000000000003, 331.18, 242.38, 321.84999999999997, 343.0, 442.96999999999997, 384.78000000000003, 482.58, 405.72999999999996, 32.230000000000004, 31.89, 111.80000000000001, 234.61, 119.02, 137.61, 714.56, 675.87, 762.98, 713.16, 618.13, 608.49, 79.28999999999999, 197.1, 189.44, 82.75, 318.15999999999997, 78.07
971.44, 310.65, 161.76, 239.59, 277.22, 65.92, 633.86, 80.1, 425.28000000000003, 407.2, 448.24, 433.65, 355.94, 314.81, 254.5, 181.5, 173.34, 276.6, 264.99, 162.37, 330.11, 280.28999999999996, 332.97, 282.49, 336.43, 279.96, 289.71999999999997, 314.55, 414.31, 343.96000000000004, 440.56, 365.38, 67.89, 77.77000000000001, 65.92, 280.43, 84.89, 157.3, 738.14, 705.13, 788.76, 748.1, 642.05, 634.01, 80.23, 193.89, 143.57, 101.45000000000002, 284.27, 94.44
897.12, 284.43, 309.87, 185.01, 417.19, 113.46, 559.3, 156.18, 439.17, 351.42, 443.54, 437.66, 295.5, 298.25, 373.14, 343.01, 315.87, 443.09999999999997, 355.73, 313.68, 287.71, 251.28, 277.9, 186.46, 348.43, 185.03, 423.52, 438.83, 536.57, 499.59000000000003, 598.79, 519.64, 130.53, 153.04000000000002, 232.89, 113.46, 236.57999999999998, 190.24, 671.42, 615.96, 712.5400000000001, 635.89, 576.11, 561.31, 164.78, 258.47, 310.54, 160.21, 421.09, 178.87
991.48, 294.16, 172.19, 227.27, 288.02, 81.34, 653.6, 63.79, 405.82, 392.84000000000003, 429.64, 414.64, 342.8, 297.78, 270.74, 186.71, 185.57, 275.42, 284.78, 172.32999999999998, 315.42, 265.35, 319.54, 276.78000000000003, 317.72, 275.47, 302.09999999999997, 328.76, 428.07, 349.93, 444.96, 371.69, 82.07000000000001, 87.12, 87.02000000000001, 286.25, 63.79, 177.05, 758.28, 724.12, 808.53, 765.27, 662.11, 653.79, 64.5, 174.4, 144.23, 93.13, 265.83000000000004, 90.43
867.94, 373.64, 186.21, 285.0, 285.03, 53.49, 530.09, 162.11, 505.65000000000003, 457.38, 522.26, 510.71, 401.84, 381.36, 237.85, 235.4, 189.45, 344.48, 218.98000000000002, 194.17, 384.45, 338.33000000000004, 381.0, 301.49, 413.54, 296.44, 289.72999999999996, 303.15, 400.12, 376.64000000000004, 477.07, 394.94, 77.66, 116.01, 169.73000000000002, 250.20999999999998, 187.35, 53.49, 634.79, 601.57, 685.01, 647.79, 538.5799999999999, 530.27, 163.17000000000002, 281.19, 234.49, 166.04000000000002, 387.89, 162.10999999999999
292.51, 894.36, 673.55, 794.19, 681.26, 623.75, 59.03, 731.24, 1051.4099999999999, 950.48, 1055.1, 1049.97, 897.79, 909.89, 675.5699999999999, 761.9000000000001, 674.34, 867.84, 682.13, 700.3, 895.79, 863.16, 883.03, 794.23, 960.03, 795.98, 684.18, 683.2700000000001, 715.9300000000001, 817.03, 903.13, 820.42, 649.31, 687.42, 745.03, 725.85, 763.04, 629.25, 59.03, 165.11, 127.28999999999999, 394.33000000000004, 137.94, 115.99, 733.7299999999999, 848.4499999999999, 803.4100000000001, 731.85, 961.7, 732.91
344.0, 831.19, 664.4, 731.68, 689.88, 584.77, 60.11, 687.97, 993.61, 881.61, 993.22, 990.04, 831.04, 848.77, 670.0699999999999, 746.04, 664.58, 854.88, 667.17, 687.51, 831.73, 802.9599999999999, 817.6, 732.54, 903.9300000000001, 736.42, 691.14, 690.2, 735.35, 821.2199999999999, 912.1700000000001, 827.6999999999999, 610.3599999999999, 647.65, 710.9399999999999, 669.3100000000001, 727.8, 594.95, 164.03, 60.11, 170.04, 293.65, 150.34, 106.24, 691.49, 802.8, 774.23, 688.03, 929.27, 691.8199999999999
262.45, 914.29, 713.66, 814.33, 725.69, 653.94, 77.47, 760.01, 1074.11, 967.32, 1075.78, 1071.63, 915.75, 930.86, 716.48, 800.1800000000001, 714.24, 907.09, 720.28, 739.4, 915.2, 884.51, 901.69, 814.64, 983.46, 817.42, 728.1999999999999, 727.22, 762.34, 860.61, 947.83, 864.68, 679.55, 717.4, 777.2099999999999, 748.5300000000001, 794.8499999999999, 661.03, 108.85, 152.68, 77.47, 385.94, 172.79000000000002, 141.11, 762.9, 876.36, 837.4000000000001, 760.3199999999999, 994.8, 762.45
455.72, 730.69, 626.66, 632.87, 672.3, 514.78, 169.25, 610.38, 897.7, 775.8100000000001, 893.29, 892.01, 727.6400000000001, 750.29, 638.87, 699.6400000000001, 626.67, 810.21, 626.68, 645.51, 730.77, 706.0799999999999, 715.49, 635.75, 810.4000000000001, 642.0799999999999, 672.47, 672.51, 731.6700000000001, 796.7199999999999, 892.2, 806.66, 539.9899999999999, 575.8, 644.77, 580.1, 659.81, 532.03, 284.11, 184.51, 294.15999999999997, 169.25, 231.39, 192.54, 615.1999999999999, 721.51, 712.98, 610.55, 861.63, 617.68
379.64, 808.63, 591.16, 708.47, 605.64, 536.11, 50.25, 643.54, 964.62, 866.27, 969.01, 963.52, 813.05, 823.74, 594.15, 677.73, 591.72, 784.5500000000001, 597.8299999999999, 616.87, 810.32, 776.91, 797.94, 708.47, 873.0699999999999, 709.8199999999999, 607.74, 606.72, 645.57, 739.65, 827.98, 744.38, 561.67, 599.77, 657.7199999999999, 639.32, 675.65, 541.8199999999999, 146.72, 160.2, 200.01, 350.39, 50.25, 57.85, 646.04, 760.77, 716.6600000000001, 644.16, 874.68, 645.23
370.59, 810.73, 607.46, 710.59, 625.45, 544.96, 31.91, 651.41, 968.55, 866.45, 971.6600000000001, 966.78, 813.8499999999999, 826.5, 611.1999999999999, 692.56, 607.88, 800.07, 612.75, 632.37, 812.0500000000001, 779.85, 799.18, 710.65, 877.4200000000001, 712.65, 627.25, 626.23, 667.2, 758.64, 847.84, 763.93, 570.56, 608.47, 668.02, 642.86, 685.67, 551.85, 143.11, 134.44, 186.67000000000002, 329.88, 76.19, 31.91, 654.18, 768.06, 728.2800000000001, 651.81, 885.61, 653.63
1013.7, 241.51, 225.2, 174.43, 340.98, 100.0, 674.5, 11.05, 358.52, 339.39, 379.93, 365.96, 289.53999999999996, 245.64, 323.39, 237.27, 238.97, 318.59, 332.75, 225.26, 261.99, 211.95, 266.19, 231.95999999999998, 268.42, 233.3, 355.46999999999997, 382.15999999999997, 481.52, 399.90000000000003, 493.22999999999996, 421.88, 100.47, 100.13, 135.10000000000002, 267.19, 117.24000000000001, 205.61, 781.7099999999999, 740.5500000000001, 829.32, 773.4, 685.24, 675.04, 11.05, 129.32, 195.51999999999998, 60.22, 267.37, 84.21000000000001
1079.06, 185.95, 275.83, 143.4, 389.45, 168.96, 739.66, 59.54, 290.99, 292.61, 315.32, 299.89, 250.16, 187.89999999999998, 383.63, 281.31, 292.8, 346.31, 399.32, 276.03000000000003, 215.7, 166.74, 226.04, 237.44, 203.45000000000002, 247.54000000000002, 407.49, 437.94, 535.7, 437.90000000000003, 525.98, 460.07, 169.73, 169.45, 200.26999999999998, 312.39, 178.65, 275.14, 847.9399999999999, 803.37, 894.2900000000001, 831.22, 751.48, 740.43, 80.83, 59.54, 248.13, 123.45000000000002, 249.73000000000002, 153.56
993.46, 329.73, 132.61, 267.48, 248.17, 104.02, 657.69, 102.46, 434.11, 431.08, 460.54, 444.37, 382.29, 332.52, 238.64000000000001, 144.99, 147.76, 235.82, 264.39, 132.61, 353.49, 303.32000000000005, 358.81, 318.48, 348.89, 316.95, 263.65999999999997, 292.52, 390.91999999999996, 308.18, 403.24, 329.97999999999996, 107.34, 118.87, 107.03, 321.54, 105.56, 185.52, 759.98, 731.88, 812.4100000000001, 779.77, 664.45, 657.73, 104.11, 205.20999999999998, 102.46, 134.88, 261.7, 131.03
989.38, 248.0, 229.98, 171.71, 345.58, 79.62, 650.03, 33.02, 373.11, 340.82, 391.59999999999997, 378.99, 288.49, 253.62, 320.82, 246.69, 241.76, 334.18, 323.81, 230.43, 264.34, 215.2, 265.8, 216.7, 281.46000000000004, 215.75, 358.09, 382.31, 482.21, 409.90000000000003, 505.06, 431.59999999999997, 81.16, 81.62, 134.35000000000002, 240.64999999999998, 123.9, 186.51000000000002, 757.86, 715.12, 804.77, 746.78, 661.39, 650.6999999999999, 38.25, 149.97, 204.32, 33.02, 294.01, 69.37
1121.19, 280.75, 220.24, 258.5, 320.1, 213.86, 784.42, 133.0, 352.38, 395.44, 386.24, 366.66, 360.25, 280.88, 347.63, 220.25, 244.32999999999998, 255.57999999999998, 389.27, 224.0, 321.8, 276.28999999999996, 336.18, 350.45, 284.51, 357.05, 345.96999999999997, 384.93, 475.16999999999996, 352.19, 431.34999999999997, 373.53999999999996, 214.25, 217.05, 217.19, 401.54999999999995, 196.62, 308.38, 887.73, 856.38, 939.27, 897.88, 791.93, 784.52, 145.42000000000002, 176.27, 231.15999999999997, 194.03, 133.0, 208.06
977.13, 270.05, 209.15, 193.88, 324.49, 62.8, 638.04, 47.01, 393.04, 363.17, 412.59, 399.53000000000003, 310.76, 275.42, 298.53, 227.89, 220.38, 318.8, 301.75, 209.79999999999998, 286.7, 237.5, 288.11, 235.32, 301.89, 233.2, 336.52, 360.28, 460.22999999999996, 390.83000000000004, 486.82, 412.37, 63.29, 62.95, 113.35, 245.32, 107.21000000000001, 168.59, 744.93, 704.92, 792.9100000000001, 739.92, 648.47, 638.53, 48.25, 166.09, 186.48, 55.38, 294.05, 47.01
